#		2485
	1	2	3	4	5	6	7	8	9
A	0.12635814889336017	0.07203219315895372	0.07766599597585513	0.03460764587525151	0.051106639839034206	0.02977867203219316	0.04748490945674044	0.06680080482897384	0.06519114688128773
C	0.00040241448692152917	0.0016096579476861167	0.011267605633802818	0.0016096579476861167	0.0028169014084507044	0.007243460764587525	0.007645875251509054	0.010865191146881288	0.0016096579476861167
D	0.00040241448692152917	0.002012072434607646	0.04869215291750503	0.18108651911468812	0.060764587525150904	0.028169014084507043	0.027766599597585512	0.012072434607645875	0
E	0.00925553319919517	0.00040241448692152917	0.012072434607645875	0.23742454728370221	0.10583501006036217	0.016901408450704224	0.11629778672032193	0.1311871227364185	0
F	0.06800804828973843	0.0012072434607645875	0.0386317907444668	0.007645875251509054	0.03219315895372234	0.14124748490945674	0.04144869215291751	0.01609657947686117	0.0028169014084507044
G	0.053923541247484906	0.0096579476861167	0.006841046277665996	0.07122736418511066	0.0579476861167002	0.008853118712273641	0.0016096579476861167	0.0579476861167002	0.0008048289738430583
H	0.0317907444668008	0	0.023340040241448694	0.018108651911468814	0.06116700201207243	0.010462776659959759	0.08531187122736418	0.040643863179074445	0
I	0.043058350100603625	0.11911468812877264	0.1835010060362173	0.00925553319919517	0.05714285714285714	0.1476861167002012	0.07766599597585513	0.0036217303822937627	0.1062374245472837
K	0.12515090543259558	0	0.006036217303822937	0.06438631790744467	0.11227364185110664	0.013682092555331992	0.03903420523138833	0.1501006036217304	0.00040241448692152917
L	0.04225352112676056	0.19275653923541247	0.18269617706237423	0.016498993963782696	0.06519114688128773	0.2704225352112676	0.061971830985915494	0.03380281690140845	0.33440643863179076
M	0.016498993963782696	0.02414486921529175	0.04265593561368209	0.004426559356136821	0.0096579476861167	0.02414486921529175	0.014084507042253521	0.006841046277665996	0.01006036217303823
N	0.04225352112676056	0.0008048289738430583	0.01006036217303823	0.03501006036217304	0.0482897384305835	0.021730382293762576	0.03501006036217304	0.04748490945674044	0
P	0.0012072434607645875	0.002012072434607646	0.09698189134808853	0.1255533199195171	0.022937625754527163	0.018108651911468814	0.10663983903420524	0.006438631790744467	0
Q	0.04265593561368209	0.19959758551307846	0.021730382293762576	0.04024144869215292	0.03943661971830986	0.02012072434607646	0.06519114688128773	0.09456740442655935	0
R	0.08531187122736418	0.0012072434607645875	0.011267605633802818	0.028169014084507043	0.05070422535211268	0.01609657947686117	0.030985915492957747	0.0869215291750503	0
S	0.14044265593561367	0.015694164989939637	0.02012072434607646	0.055130784708249496	0.04346076458752515	0.018913480885311872	0.03621730382293763	0.08933601609657947	0.0016096579476861167
T	0.06237424547283702	0.09336016096579478	0.04426559356136821	0.040643863179074445	0.05191146881287726	0.040643863179074445	0.05432595573440644	0.09456740442655935	0.005633802816901409
V	0.05150905432595573	0.26438631790744466	0.12233400402414486	0.018913480885311872	0.09054325955734406	0.15130784708249498	0.1006036217303823	0.023340040241448694	0.4712273641851107
W	0.0016096579476861167	0	0.00925553319919517	0.0028169014084507044	0.006841046277665996	0.0036217303822937627	0.016901408450704224	0	0
Y	0.055533199195171024	0	0.030583501006036216	0.007243460764587525	0.02977867203219316	0.010865191146881288	0.03380281690140845	0.027364185110663984	0
s	0	0	0	0	0	0	0	0	0
t	0	0	0	0	0	0	0	0	0
y	0	0	0	0	0	0	0	0	0
