#		652
	1	2	3	4	5	6	7	8	9
A	0.04141104294478527	0.007668711656441718	0.08742331288343558	0.05061349693251534	0.05214723926380368	0.03834355828220859	0.06595092024539877	0.0843558282208589	0.0736196319018405
C	0	0	0.0015337423312883436	0	0	0.004601226993865031	0	0.0015337423312883436	0.004601226993865031
D	0	0	0.06288343558282208	0.1303680981595092	0.05674846625766871	0.018404907975460124	0.019938650306748466	0.007668711656441718	0
E	0.004601226993865031	0	0.004601226993865031	0.24386503067484663	0.08742331288343558	0.04294478527607362	0.09662576687116564	0.1549079754601227	0
F	0	0.0015337423312883436	0.06748466257668712	0	0.02607361963190184	0.012269938650306749	0.03067484662576687	0.015337423312883436	0
G	0.023006134969325152	0	0.0352760736196319	0.06134969325153374	0.05061349693251534	0.012269938650306749	0.003067484662576687	0.04294478527607362	0
H	0.03067484662576687	0.003067484662576687	0.03374233128834356	0.03680981595092025	0.05061349693251534	0.013803680981595092	0.13650306748466257	0.04447852760736196	0
I	0.027607361963190184	0.11349693251533742	0.0736196319018405	0.006134969325153374	0.049079754601226995	0.147239263803681	0.06134969325153374	0.009202453987730062	0.07208588957055215
K	0.6196319018404908	0	0.01687116564417178	0.08742331288343558	0.1441717791411043	0.023006134969325152	0.0352760736196319	0.10122699386503067	0
L	0.012269938650306749	0.5398773006134969	0.19785276073619631	0	0.04141104294478527	0.15644171779141106	0.05521472392638037	0.027607361963190184	0.3665644171779141
M	0.010736196319018405	0.05061349693251534	0.07822085889570553	0.003067484662576687	0.009202453987730062	0.015337423312883436	0.012269938650306749	0.003067484662576687	0.006134969325153374
N	0	0.003067484662576687	0.04294478527607362	0.05061349693251534	0.04447852760736196	0.05061349693251534	0.04447852760736196	0.04294478527607362	0
P	0.006134969325153374	0	0.023006134969325152	0.08742331288343558	0.027607361963190184	0.0843558282208589	0.1165644171779141	0.004601226993865031	0
Q	0.009202453987730062	0.02607361963190184	0.07668711656441718	0.07515337423312883	0.07668711656441718	0.04294478527607362	0.06748466257668712	0.09662576687116564	0
R	0.13496932515337423	0	0.01687116564417178	0.03680981595092025	0.06134969325153374	0.012269938650306749	0.018404907975460124	0.06901840490797546	0
S	0.03067484662576687	0.010736196319018405	0.032208588957055216	0.0736196319018405	0.05828220858895705	0.04754601226993865	0.0352760736196319	0.1058282208588957	0.0015337423312883436
T	0.018404907975460124	0.07208588957055215	0.02607361963190184	0.03680981595092025	0.06134969325153374	0.049079754601226995	0.06288343558282208	0.13650306748466257	0.0015337423312883436
V	0.029141104294478526	0.17177914110429449	0.03067484662576687	0.01687116564417178	0.07975460122699386	0.22392638036809817	0.09049079754601227	0.015337423312883436	0.47392638036809814
W	0	0	0.029141104294478526	0.0015337423312883436	0	0	0.007668711656441718	0	0
Y	0.0015337423312883436	0	0.06288343558282208	0.0015337423312883436	0.023006134969325152	0.004601226993865031	0.03987730061349693	0.03680981595092025	0
s	0	0	0	0	0	0	0	0	0
t	0	0	0	0	0	0	0	0	0
y	0	0	0	0	0	0	0	0	0
