#		5457
	1	2	3	4	5	6	7	8	9
A	0.1308411214953271	0.034817665383910575	0.09895547003848268	0.062488546820597395	0.06981858163826278	0.07183434121312077	0.06670331684075499	0.057907275059556534	0.000916254352208173
C	0.005497526113249038	0.004214770020157596	0.006047278724573941	0.0014660069635330768	0.0014660069635330768	0.0029320139270661537	0.004214770020157596	0.0020157595748579804	0.0005497526113249038
D	0.0014660069635330768	0.0038482682792743265	0.04233095107201759	0.054425508521165476	0.027304379695803554	0.01191130657870625	0.007513285688107018	0.01117830309693971	0.001832508704416346
E	0.00678028220634048	0.00678028220634048	0.020890599230346345	0.08905992303463442	0.04434671064687557	0.016126076598863844	0.02107385010078798	0.07641561297416163	0.0020157595748579804
F	0.01154480483782298	0.004764522631482499	0.0974894630749496	0.030786146234194612	0.02547187099138721	0.06615356422943008	0.037016675829210186	0.028403884918453363	0.003115264797507788
G	0.05900678028220634	0.012461059190031152	0.05497526113249038	0.0731170973062122	0.07238409382444566	0.06688656771119662	0.03903243540406817	0.06285504856148066	0.0021990104452996153
H	0.033718160161260766	0.0029320139270661537	0.02620487447315375	0.019424592266813267	0.022539857064321055	0.01997434487813817	0.017042330951072018	0.014110317024005864	0.003298515667949423
I	0.056258017225581824	0.14550119113065788	0.031702400586402786	0.030969397104636247	0.04526296499908375	0.0804471321238776	0.10738501007879787	0.02308960967564596	0.0005497526113249038
K	0.19772768920652373	0.011728055708264615	0.0720175920835624	0.1011544804837823	0.07641561297416163	0.039765438885834704	0.06450430639545537	0.07128458860179586	0.839472237493128
L	0.036833424958768554	0.2937511453179403	0.09144218435037567	0.060289536375297784	0.05497526113249038	0.15429723291185632	0.11838006230529595	0.12955836540223567	0.0034817665383910573
M	0.008429540040315191	0.029869891881986438	0.017408832691955287	0.008246289169873557	0.006597031335898846	0.02473886750962067	0.021806853582554516	0.019241341396371632	0.0016492578339747114
N	0.0056807769836906725	0.004947773501924134	0.055158512002932016	0.0392156862745098	0.04434671064687557	0.028587135788894998	0.031702400586402786	0.07165109034267912	0.0016492578339747114
P	0.0025655121861828845	0.0023822613157412497	0.013743815283122594	0.10298698918819864	0.16712479384277076	0.06395455378413048	0.03793293018141836	0.06450430639545537	0.0010995052226498076
Q	0.027670881436686823	0.032985156679494226	0.024189114898295765	0.05405900678028221	0.028587135788894998	0.03903243540406817	0.034084661902144035	0.09437419827744181	0.0016492578339747114
R	0.1863661352391424	0.011361553967381345	0.04544621586952538	0.04031519149715961	0.033901411031702404	0.026937877954920284	0.08612790910756826	0.03939893714495144	0.09529045262965
S	0.11746380795308778	0.057174271577789995	0.08008063038299432	0.09437419827744181	0.08411214953271028	0.0879604178119846	0.09950522264980759	0.08136338647608576	0.003665017408832692
T	0.035550668865677114	0.12680960234561114	0.03115264797507788	0.062488546820597395	0.07000183250870441	0.06395455378413048	0.08777716694154297	0.07604911123327836	0.0038482682792743265
V	0.06597031335898845	0.20798973795125528	0.02345611141652923	0.04691222283305846	0.07806487080813634	0.10408649441084845	0.10335349092908191	0.04617921935129192	0.0021990104452996153
W	0.0005497526113249038	0.0007330034817665384	0.02034084661902144	0.006230529595015576	0.017592083562396922	0.006963533076782115	0.004581271761040865	0.004947773501924134	0.0007330034817665384
Y	0.010078797874289903	0.004947773501924134	0.14696719809419095	0.02199010445299615	0.029686641011544807	0.02345611141652923	0.010262048744731538	0.02547187099138721	0.030786146234194612
s	0	0	0	0	0	0	0	0	0
t	0	0	0	0	0	0	0	0	0
y	0	0	0	0	0	0	0	0	0
