#		807
	1	2	3	4	5	6	7	8	9
A	0.06815365551425032	0	0.0322180916976456	0.04460966542750929	0.04460966542750929	0.08302354399008674	0.06815365551425032	0.026022304832713755	0
C	0.007434944237918215	0	0.013630731102850062	0.0024783147459727386	0.008674101610904586	0.006195786864931847	0.007434944237918215	0.009913258983890954	0
D	0	0	0.027261462205700124	0.13382899628252787	0.04337050805452292	0.012391573729863693	0.03593556381660471	0.004956629491945477	0
E	0.03469640644361834	0	0.01858736059479554	0.09417596034696406	0.024783147459727387	0.008674101610904586	0.07558859975216853	0.0644361833952912	0.0012391573729863693
F	0.023543990086741014	0.38413878562577447	0.030978934324659233	0.01858736059479554	0.03841387856257745	0.10408921933085502	0.06939281288723669	0.03469640644361834	0.5266418835192069
G	0.007434944237918215	0.0024783147459727386	0.024783147459727387	0.042131350681536554	0.048327137546468404	0.055762081784386616	0.004956629491945477	0.012391573729863693	0
H	0.01982651796778191	0	0.05080545229244114	0.04460966542750929	0.06319702602230483	0.10408921933085502	0.09417596034696406	0.04584882280049566	0
I	0.11648079306071871	0.0012391573729863693	0.1536555142503098	0.030978934324659233	0.08178438661710037	0.03841387856257745	0.04584882280049566	0.024783147459727387	0.1412639405204461
K	0.08426270136307311	0	0.05080545229244114	0.06815365551425032	0.08674101610904585	0.03593556381660471	0.01734820322180917	0.11648079306071871	0
L	0.07311028500619579	0	0.16604708798017348	0.05204460966542751	0.05452292441140025	0.048327137546468404	0.1412639405204461	0.1536555142503098	0.2527881040892193
M	0.0012391573729863693	0.0024783147459727386	0.03593556381660471	0.008674101610904586	0.004956629491945477	0.009913258983890954	0.013630731102850062	0.013630731102850062	0
N	0.04584882280049566	0	0.04708798017348203	0.048327137546468404	0.06567534076827757	0.022304832713754646	0.06815365551425032	0.03717472118959108	0.0012391573729863693
P	0.04337050805452292	0.0012391573729863693	0	0.18463444857496902	0.027261462205700124	0.15861214374225527	0.055762081784386616	0.0024783147459727386	0
Q	0.027261462205700124	0.0012391573729863693	0.04708798017348203	0.0322180916976456	0.048327137546468404	0.04708798017348203	0.05947955390334572	0.057001239157372985	0
R	0.10037174721189591	0	0.011152416356877323	0.022304832713754646	0.03717472118959108	0.04708798017348203	0.007434944237918215	0.07187112763320942	0
S	0.06071871127633209	0	0.07558859975216853	0.06691449814126393	0.06567534076827757	0.06071871127633209	0.05080545229244114	0.03345724907063197	0
T	0.055762081784386616	0	0.13135068153655513	0.05204460966542751	0.07930607187112763	0.048327137546468404	0.03345724907063197	0.15489467162329615	0
V	0.1623296158612144	0	0.05947955390334572	0.027261462205700124	0.1288723667905824	0.08550185873605948	0.06319702602230483	0.08302354399008674	0.004956629491945477
W	0	0.01858736059479554	0.006195786864931847	0.004956629491945477	0.009913258983890954	0.0024783147459727386	0.012391573729863693	0.0012391573729863693	0.07187112763320942
Y	0.06815365551425032	0.5885997521685254	0.01734820322180917	0.021065675340768277	0.03841387856257745	0.021065675340768277	0.07558859975216853	0.05204460966542751	0
s	0	0	0	0	0	0	0	0	0
t	0	0	0	0	0	0	0	0	0
y	0	0	0	0	0	0	0	0	0
