#		1228
	1	2	3	4	5	6	7	8	9
A	0.10260586319218241	0.030944625407166124	0.003257328990228013	0.08469055374592833	0.033387622149837134	0.04723127035830619	0.033387622149837134	0.04804560260586319	0.012214983713355049
C	0	0	0.0008143322475570033	0.003257328990228013	0.003257328990228013	0.006514657980456026	0.006514657980456026	0.004071661237785016	0.0016286644951140066
D	0.0016286644951140066	0.0016286644951140066	0.004071661237785016	0.16205211726384364	0.03175895765472313	0.016286644951140065	0.013029315960912053	0.007328990228013029	0.0016286644951140066
E	0	0.013029315960912053	0	0.18729641693811075	0.06921824104234528	0.024429967426710098	0.05374592833876222	0.12052117263843648	0.0008143322475570033
F	0.005700325732899023	0.050488599348534204	0.041530944625407164	0.025244299674267102	0.07084690553745929	0.1254071661237785	0.033387622149837134	0.04071661237785016	0.004071661237785016
G	0.04234527687296417	0.014657980456026058	0	0.07980456026058631	0.0496742671009772	0.008957654723127036	0.007328990228013029	0.046416938110749185	0
H	0.025244299674267102	0.0016286644951140066	0.007328990228013029	0.012214983713355049	0.01710097719869707	0.017915309446254073	0.01710097719869707	0.02687296416938111	0.0008143322475570033
I	0.02687296416938111	0.09527687296416938	0.03745928338762215	0.016286644951140065	0.11726384364820847	0.10912052117263844	0.15065146579804561	0.013029315960912053	0.018729641693811076
K	0.3298045602605863	0.0008143322475570033	0.5480456026058632	0.04071661237785016	0.12052117263843648	0.02280130293159609	0.11156351791530944	0.09039087947882736	0.503257328990228
L	0.017915309446254073	0.13680781758957655	0.0496742671009772	0.026058631921824105	0.12133550488599348	0.07003257328990228	0.16205211726384364	0.09446254071661238	0.18078175895765472
M	0.008143322475570033	0.021986970684039087	0.013029315960912053	0.004885993485342019	0.010586319218241042	0.017915309446254073	0.026058631921824105	0.016286644951140065	0.013029315960912053
N	0.0016286644951140066	0.013843648208469055	0.028501628664495113	0.059446254071661236	0.02687296416938111	0.023615635179153095	0.03420195439739414	0.0985342019543974	0.0008143322475570033
P	0	0.0016286644951140066	0.018729641693811076	0.08224755700325732	0.02035830618892508	0.017915309446254073	0.01710097719869707	0.017915309446254073	0
Q	0.021986970684039087	0.05863192182410423	0.038273615635179156	0.04804560260586319	0.04560260586319218	0.05618892508143322	0.07573289902280131	0.08794788273615635	0
R	0.25	0.006514657980456026	0.16123778501628663	0.012214983713355049	0.035830618892508145	0.04723127035830619	0.06758957654723127	0.04234527687296417	0.018729641693811076
S	0.09446254071661238	0.08387622149837133	0.008957654723127036	0.0741042345276873	0.043973941368078175	0.03175895765472313	0.02768729641693811	0.061074918566775244	0.0008143322475570033
T	0.02035830618892508	0.19543973941368079	0.004071661237785016	0.03908794788273615	0.04723127035830619	0.08224755700325732	0.02768729641693811	0.08876221498371335	0.003257328990228013
V	0.039902280130293157	0.19462540716612378	0.008957654723127036	0.016286644951140065	0.08387622149837133	0.1498371335504886	0.09364820846905537	0.05863192182410423	0.13517915309446255
W	0	0.012214983713355049	0.010586319218241042	0.007328990228013029	0.013029315960912053	0.026058631921824105	0.006514657980456026	0	0.0008143322475570033
Y	0.011400651465798045	0.06596091205211727	0.015472312703583062	0.018729641693811076	0.038273615635179156	0.0985342019543974	0.03501628664495114	0.03664495114006515	0.10342019543973942
s	0	0	0	0	0	0	0	0	0
t	0	0	0	0	0	0	0	0	0
y	0	0	0	0	0	0	0	0	0
