#		1137
	1	2	3	4	5	6	7	8	9
A	0.1345646437994723	0.04661389621811785	0.0633245382585752	0.06948109058927	0.05804749340369393	0.06244503078276165	0.14160070360598065	0.06156552330694811	0
C	0.0008795074758135445	0	0.0079155672823219	0.006156552330694811	0.0079155672823219	0.007036059806508356	0.005277044854881266	0.012313104661389622	0
D	0	0.003518029903254178	0.0043975373790677225	0.12049252418645559	0.03430079155672823	0.026385224274406333	0.023746701846965697	0.02198768689533861	0
E	0.0043975373790677225	0.001759014951627089	0.009674582233948988	0.11433597185576078	0.051890941072999124	0.03781882145998241	0.02990325417766051	0.05452946350043975	0
F	0.007036059806508356	0.0395778364116095	0.036939313984168866	0.027264731750219876	0.047493403693931395	0.056288478452066845	0.024626209322779244	0.02990325417766051	0.012313104661389622
G	0.044854881266490766	0.03605980650835532	0.028144239226033423	0.058927000879507474	0.03342128408091469	0.03869832893579595	0.09850483729111698	0.03518029903254178	0
H	0.024626209322779244	0.003518029903254178	0.0773966578715919	0.024626209322779244	0.021108179419525065	0.019349164467897976	0.19876868953386104	0.055408970976253295	0.0008795074758135445
I	0.03430079155672823	0.0932277924362357	0.052770448548812667	0.04397537379067722	0.14511873350923482	0.09586631486367635	0.03518029903254178	0.0158311345646438	0.001759014951627089
K	0.24450307827616535	0.006156552330694811	0.1345646437994723	0.06156552330694811	0.02990325417766051	0.051890941072999124	0.03342128408091469	0.13984168865435356	0.019349164467897976
L	0.027264731750219876	0.1284080914687775	0.06596306068601583	0.04221635883905013	0.15303430079155672	0.11609498680738786	0.056288478452066845	0.09674582233948989	0.018469656992084433
M	0.008795074758135445	0.036939313984168866	0.027264731750219876	0.007036059806508356	0.014951627088830254	0.02990325417766051	0.0158311345646438	0.012313104661389622	0.005277044854881266
N	0.003518029903254178	0.006156552330694811	0.07387862796833773	0.04133685136323659	0.032541776605101144	0.03342128408091469	0.029023746701846966	0.04661389621811785	0.0008795074758135445
P	0.001759014951627089	0.001759014951627089	0.01759014951627089	0.10378188214599825	0.036939313984168866	0.05364995602462621	0.051890941072999124	0.005277044854881266	0
Q	0.030782761653474055	0.12137203166226913	0.13808267370272648	0.03869832893579595	0.030782761653474055	0.04925241864555849	0.04133685136323659	0.06244503078276165	0
R	0.27088830255057167	0.005277044854881266	0.03605980650835532	0.03605980650835532	0.012313104661389622	0.08003518029903255	0.05980650835532102	0.11081794195250659	0.005277044854881266
S	0.06420404573438875	0.07387862796833773	0.08619173262972735	0.079155672823219	0.051011433597185574	0.05364995602462621	0.06420404573438875	0.079155672823219	0
T	0.0395778364116095	0.10466138962181179	0.04573438874230431	0.055408970976253295	0.04661389621811785	0.058927000879507474	0.023746701846965697	0.06244503078276165	0
V	0.04925241864555849	0.20052770448548812	0.029023746701846966	0.040457343887423045	0.167985927880387	0.08091468777484609	0.027264731750219876	0.06684256816182937	0.007036059806508356
W	0	0.008795074758135445	0.01759014951627089	0.003518029903254178	0.0079155672823219	0.008795074758135445	0.014072119613016711	0.0008795074758135445	0
Y	0.008795074758135445	0.08179419525065963	0.047493403693931395	0.025505716798592787	0.016710642040457344	0.0395778364116095	0.025505716798592787	0.02990325417766051	0.9287598944591029
s	0	0	0	0	0	0	0	0	0
t	0	0	0	0	0	0	0	0	0
y	0	0	0	0	0	0	0	0	0
