#		2171
	1	2	3	4	5	6	7	8	9
A	0.039613081529249194	0.14739751266697373	0.0713956701980654	0.051128512206356516	0.006448641179180101	0.07554122524182405	0.058037770612620915	0.22432058959005066	0.03592814371257485
C	0.0023030861354214646	0.0032243205895900505	0.004145555043758637	0.0027637033625057578	0	0.0013818516812528789	0.0032243205895900505	0.0032243205895900505	0.008291110087517274
D	0.09765085214187011	0.0032243205895900505	0.013357899585444496	0.01427913403961308	0.007369875633348687	0.02164900967296177	0.01427913403961308	0.025333947489636112	0.0009212344541685859
E	0.11699677567941041	0.010133578995854445	0.011515430677107323	0.08982035928143713	0.008751727314601566	0.059880239520958084	0.03592814371257485	0.07646245969599264	0.0018424689083371719
F	0.09350529709811146	0.022570244127130355	0.04099493321050207	0.013818516812528788	0.0032243205895900505	0.021188392445877474	0.04237678489175495	0.009212344541685858	0.059880239520958084
G	0.006909258406264394	0.08659603869184708	0.019806540764624597	0.02947950253339475	0.010594196222938737	0.030861354214647627	0.007369875633348687	0.019345923537540305	0.0009212344541685859
H	0.06678949792722248	0.0018424689083371719	0.08705665591893137	0.014739751266697375	0.017503454629203132	0.026715799170888992	0.02855826807922616	0.018424689083371717	0.0023030861354214646
I	0.03592814371257485	0.05020727775218793	0.04329801934592354	0.09258406264394288	0.005988023952095809	0.0985720865960387	0.12436665131275909	0.01566098572086596	0.06264394288346384
K	0.0023030861354214646	0.010133578995854445	0.17871948410870567	0.06725011515430677	0.2994011976047904	0.07600184246890834	0.023030861354214647	0.011515430677107323	0.0009212344541685859
L	0.07415937356057116	0.1966835559649931	0.15937356057116536	0.19253800092123446	0.0023030861354214646	0.1239060340856748	0.21096269000460618	0.01704283740211884	0.6549976969138646
M	0.04836480884385076	0.035006909258406264	0.048825426070935055	0.02164900967296177	0.0009212344541685859	0.010594196222938737	0.022109626900046062	0.0009212344541685859	0.04467987102717642
N	0.0525103638876094	0.04744357438968217	0.07508060801473976	0.017503454629203132	0.004145555043758637	0.04928604329801935	0.03362505757715339	0.022570244127130355	0
P	0.0013818516812528789	0.1971441731920774	0.017503454629203132	0.0787655458314141	0.007369875633348687	0.08843850760018425	0.013357899585444496	0.022570244127130355	0.00046061722708429296
Q	0.06632888070013819	0.020727775218793182	0.03546752648549056	0.09074159373560571	0.0018424689083371719	0.037309995393827726	0.0520497466605251	0.04053431598341778	0.00046061722708429296
R	0.02164900967296177	0.039613081529249194	0.026715799170888992	0.017964071856287425	0.608475356978351	0.035006909258406264	0.005988023952095809	0.009212344541685858	0.00046061722708429296
S	0.05757715338553662	0.04974666052510364	0.04007369875633349	0.06402579456471671	0.004145555043758637	0.06310456011054813	0.04329801934592354	0.3261169967756794	0.00046061722708429296
T	0.08060801473975127	0.01566098572086596	0.023030861354214647	0.04974666052510364	0.0023030861354214646	0.06678949792722248	0.046522339935513586	0.08705665591893137	0.009672961768770152
V	0.059880239520958084	0.06080147397512667	0.029940119760479042	0.07922616305849839	0.004606172270842929	0.0856748042376785	0.1497005988023952	0.05711653615845232	0.10962690004606172
W	0.006909258406264394	0	0.011515430677107323	0.0023030861354214646	0.0009212344541685859	0.007369875633348687	0.03178258866881621	0.0027637033625057578	0.0009212344541685859
Y	0.06863196683555965	0.0018424689083371719	0.062183325656379546	0.009672961768770152	0.0036849378166743437	0.020727775218793182	0.053431598341777985	0.010594196222938737	0.004606172270842929
s	0	0	0	0	0	0	0	0	0
t	0	0	0	0	0	0	0	0	0
y	0	0	0	0	0	0	0	0	0
