#		2713
	1	2	3	4	5	6	7	8	9
A	0.02727607814227792	0.05455215628455584	0.012163656468853668	0.03722816070770365	0.021009952082565425	0.0840398083302617	0.07593070401769259	0.183560633984519	0.02395871728713601
C	0	0.001474382602285293	0	0	0.0007371913011426465	0.003685956505713233	0.0055289347585698485	0.007003317360855142	0.003685956505713233
D	0.17692591227423515	0.0011057869517139699	0.003685956505713233	0.028013269443420568	0.007003317360855142	0.01142646516771102	0.03907113896056027	0.016586804275709546	0
E	0.2502764467379285	0.01916697382970881	0.015112421673424253	0.16844821231109472	0.014006634721710284	0.04496866936970144	0.15333579063767047	0.1820862513822337	0.00036859565057132326
F	0.06118687799483966	0.019535569480280134	0.01142646516771102	0.008846295613711759	0.014743826022852931	0.060081091043125694	0.020641356431994103	0.007003317360855142	0.049391817176557315
G	0.004791743457427202	0.002580169553999263	0.007740508661997788	0.015112421673424253	0.008477699963140435	0.029487652045705862	0.011057869517139697	0.020641356431994103	0
H	0.04017692591227424	0.001474382602285293	0.020272760781422778	0.018798378179137487	0.03391079985256174	0.016586804275709546	0.03907113896056027	0.009583486914854404	0.002580169553999263
I	0.04312569111684482	0.16844821231109472	0.05270917803169923	0.03943973461113159	0.02359012163656469	0.10984150387025433	0.03943973461113159	0.017323995576852193	0.07703649096940655
K	0.01806118687799484	0.001474382602285293	0.43199410246959086	0.18614080353851825	0.4577957980095835	0.09472908219683007	0.07703649096940655	0.0316992259491338	0.0011057869517139699
L	0.0681901953556948	0.47327681533357907	0.10173239955768522	0.07887946922226317	0.06450423884998158	0.1205307777368227	0.10726133431625506	0.02395871728713601	0.6988573534832289
M	0.013269443420567637	0.06229266494655363	0.025433099889421305	0.01142646516771102	0.007740508661997788	0.016218208625138224	0.026170291190563952	0.008477699963140435	0.051234795429413935
N	0.0427570954662735	0.003317360855141909	0.017692591227423518	0.03391079985256174	0.01695539992628087	0.024695908588278657	0.03980833026170291	0.018798378179137487	0.0011057869517139699
P	0.002580169553999263	0.02838186509399189	0.018429782528566162	0.01916697382970881	0.0007371913011426465	0.01695539992628087	0.007740508661997788	0.004791743457427202	0.0011057869517139699
Q	0.0427570954662735	0.04017692591227424	0.04496866936970144	0.09767784740140066	0.035753778105418355	0.03943973461113159	0.09399189089568744	0.08514559528197567	0.002580169553999263
R	0.02137854773313675	0.005160339107998526	0.2126796903796535	0.11868779948396609	0.21489126428308147	0.041651308514559525	0.049391817176557315	0.024327312937707336	0.0007371913011426465
S	0.03870254330998894	0.021009952082565425	0.007371913011426466	0.05197198673055658	0.014743826022852931	0.04644305197198673	0.07703649096940655	0.23332104681164761	0
T	0.04865462587541467	0.011057869517139697	0.00036859565057132326	0.04017692591227424	0.016218208625138224	0.04607445632141541	0.04976041282712864	0.05971249539255437	0.007003317360855142
V	0.03280501290084777	0.08514559528197567	0.001474382602285293	0.03501658680427571	0.02727607814227792	0.1489126428308146	0.060081091043125694	0.051234795429413935	0.0777736822705492
W	0.010320678215997052	0.00036859565057132326	0.001474382602285293	0.002580169553999263	0.0022115739034279398	0.008109104312569112	0.004054552156284556	0.003685956505713233	0.00036859565057132326
Y	0.05676373018798378	0	0.013269443420567637	0.008477699963140435	0.017692591227423518	0.03612237375598968	0.02359012163656469	0.011057869517139697	0.0011057869517139699
s	0	0	0	0	0	0	0	0	0
t	0	0	0	0	0	0	0	0	0
y	0	0	0	0	0	0	0	0	0
