#		1264
	1	2	3	4	5	6	7	8	9
A	0.0189873417721519	0.056962025316455694	0.07753164556962025	0.05379746835443038	0.015822784810126583	0.04509493670886076	0.0680379746835443	0.21598101265822786	0.030063291139240507
C	0.0031645569620253164	0.004746835443037975	0.0023734177215189874	0.006329113924050633	0	0.010284810126582278	0.006329113924050633	0.007911392405063292	0.004746835443037975
D	0.32199367088607594	0.04746835443037975	0.011075949367088608	0.02610759493670886	0.013449367088607595	0.030854430379746837	0.022151898734177215	0.02531645569620253	0
E	0.11708860759493671	0.16693037974683544	0.01661392405063291	0.1439873417721519	0.007911392405063292	0.06962025316455696	0.08227848101265822	0.12104430379746836	0.004746835443037975
F	0.012658227848101266	0.004746835443037975	0.09889240506329114	0.01977848101265823	0.007120253164556962	0.03401898734177215	0.013449367088607595	0.010284810126582278	0.041930379746835444
G	0.0023734177215189874	0.05221518987341772	0.00870253164556962	0.020569620253164556	0.0015822784810126582	0.028481012658227847	0.015822784810126583	0.03481012658227848	0
H	0.0245253164556962	0.03955696202531646	0.030063291139240507	0.006329113924050633	0	0.0189873417721519	0.022151898734177215	0.0023734177215189874	0.003955696202531646
I	0.04272151898734177	0.010284810126582278	0.040348101265822785	0.07120253164556962	0.010284810126582278	0.11867088607594936	0.08781645569620253	0.01661392405063291	0.10363924050632911
K	0.005537974683544304	0.0245253164556962	0.029272151898734177	0.06408227848101265	0.0625	0.0625	0.013449367088607595	0.028481012658227847	0.0015822784810126582
L	0.09572784810126582	0.02689873417721519	0.19462025316455697	0.17325949367088608	0.06645569620253164	0.15981012658227847	0.1281645569620253	0.015031645569620253	0.7199367088607594
M	0.022943037974683545	0.010284810126582278	0.03164556962025317	0.02531645569620253	0.003955696202531646	0.013449367088607595	0.015822784810126583	0.005537974683544304	0.0245253164556962
N	0.08623417721518987	0.04113924050632911	0.027689873417721517	0.03401898734177215	0.010284810126582278	0.061708860759493674	0.07041139240506329	0.020569620253164556	0.0023734177215189874
P	0.0031645569620253164	0.07120253164556962	0.0015822784810126582	0.028481012658227847	0.0015822784810126582	0.027689873417721517	0.0023734177215189874	0.011075949367088608	0.0007911392405063291
Q	0.051424050632911396	0.16139240506329114	0.05300632911392405	0.09572784810126582	0.0245253164556962	0.06724683544303797	0.06962025316455696	0.06724683544303797	0.0031645569620253164
R	0.030854430379746837	0.21281645569620253	0.058544303797468354	0.049841772151898736	0.7254746835443038	0.04667721518987342	0.03560126582278481	0.02531645569620253	0.0023734177215189874
S	0.0625	0.022943037974683545	0.027689873417721517	0.05221518987341772	0.01661392405063291	0.04272151898734177	0.0893987341772152	0.24841772151898733	0
T	0.03322784810126582	0.015822784810126583	0.020569620253164556	0.03322784810126582	0.011075949367088608	0.0625	0.07832278481012658	0.09177215189873418	0.00949367088607595
V	0.043512658227848104	0.02531645569620253	0.0814873417721519	0.07515822784810126	0.012658227848101266	0.06329113924050633	0.12579113924050633	0.04430379746835443	0.04509493670886076
W	0	0.0031645569620253164	0.014240506329113924	0.007120253164556962	0.0015822784810126582	0.007120253164556962	0.015031645569620253	0.0023734177215189874	0.0007911392405063291
Y	0.021360759493670885	0.0015822784810126582	0.17405063291139242	0.013449367088607595	0.007120253164556962	0.029272151898734177	0.0379746835443038	0.005537974683544304	0.0007911392405063291
s	0	0	0	0	0	0	0	0	0
t	0	0	0	0	0	0	0	0	0
y	0	0	0	0	0	0	0	0	0
