#		281
	1	2	3	4	5	6	7	8	9
A	0.014234875444839857	0.3202846975088968	0.15658362989323843	0.060498220640569395	0.06761565836298933	0.08185053380782918	0.08540925266903915	0.12455516014234876	0
C	0	0	0	0	0	0	0	0	0
D	0.03558718861209965	0	0.4128113879003559	0.03914590747330961	0.05693950177935943	0.14590747330960854	0.03558718861209965	0	0
E	0.03202846975088968	0	0.12455516014234876	0.07473309608540925	0.08540925266903915	0.1103202846975089	0.07829181494661921	0.09608540925266904	0
F	0.042704626334519574	0	0	0.021352313167259787	0.017793594306049824	0.014234875444839857	0.028469750889679714	0.0035587188612099642	0.2669039145907473
G	0.014234875444839857	0.0035587188612099642	0.021352313167259787	0.06761565836298933	0.042704626334519574	0.046263345195729534	0	0.017793594306049824	0
H	0.2206405693950178	0	0.017793594306049824	0.042704626334519574	0.010676156583629894	0.017793594306049824	0.03914590747330961	0.017793594306049824	0.0035587188612099642
I	0.03914590747330961	0.0035587188612099642	0.042704626334519574	0.014234875444839857	0.010676156583629894	0.0498220640569395	0.08540925266903915	0.03914590747330961	0
K	0	0	0	0.07829181494661921	0.028469750889679714	0.03558718861209965	0.03202846975088968	0.0498220640569395	0
L	0.11387900355871886	0.0071174377224199285	0.0035587188612099642	0.0498220640569395	0.060498220640569395	0.046263345195729534	0.03202846975088968	0.05338078291814947	0.13523131672597866
M	0.042704626334519574	0	0	0.0071174377224199285	0	0.010676156583629894	0.0035587188612099642	0.010676156583629894	0.11387900355871886
N	0.099644128113879	0	0.03558718861209965	0.03558718861209965	0.03558718861209965	0.03558718861209965	0.0035587188612099642	0.017793594306049824	0
P	0	0.5622775800711743	0.0071174377224199285	0.2526690391459075	0.2206405693950178	0.060498220640569395	0.07473309608540925	0.014234875444839857	0
Q	0.042704626334519574	0.0035587188612099642	0.05338078291814947	0.046263345195729534	0.042704626334519574	0.03558718861209965	0.05693950177935943	0.05693950177935943	0
R	0.014234875444839857	0	0	0.0035587188612099642	0.03202846975088968	0.021352313167259787	0.010676156583629894	0.03558718861209965	0
S	0.13523131672597866	0.03558718861209965	0.08185053380782918	0.1103202846975089	0.14590747330960854	0.10676156583629894	0.06405693950177936	0.1601423487544484	0
T	0.08896797153024912	0.010676156583629894	0.03202846975088968	0.046263345195729534	0.05338078291814947	0.07473309608540925	0.08185053380782918	0.11387900355871886	0.0035587188612099642
V	0.010676156583629894	0.05338078291814947	0.010676156583629894	0.03202846975088968	0.07829181494661921	0.099644128113879	0.22419928825622776	0.17793594306049823	0
W	0	0	0	0	0	0	0	0	0
Y	0.05338078291814947	0	0	0.017793594306049824	0.010676156583629894	0.0071174377224199285	0.06405693950177936	0.010676156583629894	0.47686832740213525
s	0	0	0	0	0	0	0	0	0
t	0	0	0	0	0	0	0	0	0
y	0	0	0	0	0	0	0	0	0
