#		3819
	1	2	3	4	5	6	7	8	9
A	0.027755957056821157	0.21393034825870647	0.10002618486514794	0.07541241162608013	0.061534433097669546	0.10185912542550406	0.08431526577638125	0.140089028541503	0.018329405603561142
C	0.004451427075150563	0.0007855459544383347	0.01335428122545169	0.0015710919088766694	0.004189578423671118	0.004189578423671118	0.003927729772191673	0.007593610892903902	0.001832940560356114
D	0.025399319193506152	0.0005236973029588898	0.07331762241424457	0.09531290913851793	0.08064938465566902	0.1254255040586541	0.031945535480492275	0.016496465043205028	0
E	0.03508771929824561	0.002880335166273894	0.06572401152134066	0.13040062843676356	0.08641005498821681	0.0869337522911757	0.07672165488347735	0.1102382822728463	0
F	0.12856768787640743	0.0015710919088766694	0.04294317884262896	0.010473946059177796	0.02958889761717727	0.025399319193506152	0.030898140874574497	0.005760670332547788	0.05446451950772453
G	0.0034040324692327832	0.005760670332547788	0.018329405603561142	0.08562450903377848	0.0636292223095051	0.051846032992930086	0.007593610892903902	0.012830583922492799	0
H	0.0974076983503535	0.003927729772191673	0.02749410840534171	0.03220738413197172	0.03168368682901283	0.026184865147944488	0.06022518984027232	0.017543859649122806	0.0005236973029588898
I	0.05551191411364231	0.00968840010473946	0.10028803351662739	0.016758313694684474	0.05629746006808065	0.061272584446190104	0.05813040062843677	0.052369730295888976	0.03220738413197172
K	0.005236973029588898	0.0007855459544383347	0.004975124378109453	0.042681330191149516	0.037182508510081175	0.020162346163917256	0.022257135375752815	0.0437287247970673	0
L	0.1686305315527625	0.002618486514794449	0.06729510343021733	0.0356114166012045	0.061010735794710655	0.03980099502487562	0.0840534171249018	0.05943964388583399	0.7334380727939251
M	0.0717465305053679	0.002094789211835559	0.015449070437287249	0.007855459544383346	0.009950248756218905	0.008379156847342237	0.011521340665095576	0.009164702801780571	0.10526315789473684
N	0.041633935585231735	0.0005236973029588898	0.061796281749148994	0.0356114166012045	0.03875360041895784	0.03456402199528672	0.042681330191149516	0.016496465043205028	0
P	0.004189578423671118	0.6925896831631317	0.016496465043205028	0.15946582875098192	0.06546216286986122	0.07619795758051846	0.14139827179890024	0.02670856245090338	0.009164702801780571
Q	0.03953914637339618	0.002356637863315004	0.03404032469232784	0.046870908614820635	0.03901544907043729	0.04503796805446452	0.05315527625032731	0.04713275726630008	0.0013092432573972245
R	0.009164702801780571	0.003665881120712228	0.002618486514794449	0.028279654359780047	0.028541503011259493	0.024351924587588374	0.025399319193506152	0.03273108143493061	0.004189578423671118
S	0.0816967792615868	0.012830583922492799	0.13092432573972243	0.10997643362136685	0.08981408745744959	0.11207122283320241	0.0589159465828751	0.1272584446190102	0
T	0.08955223880597014	0.005760670332547788	0.07672165488347735	0.04582351400890285	0.0670332547787379	0.06022518984027232	0.06310552500654622	0.11573710395391464	0.0054988216810683424
V	0.042157632888190626	0.036658811207122284	0.11364231474207907	0.024875621890547265	0.11992668237758576	0.08352971982194292	0.10526315789473684	0.14663524482848914	0.03011259492013616
W	0.004451427075150563	0.0005236973029588898	0.004451427075150563	0.002880335166273894	0.003665881120712228	0.002356637863315004	0.007331762241424456	0.0002618486514794449	0.0010473946059177796
Y	0.06441476826394343	0.0005236973029588898	0.03011259492013616	0.01230688661953391	0.025661167844985597	0.01021209740769835	0.031159989526053943	0.01178318931657502	0.002618486514794449
s	0	0	0	0	0	0	0	0	0
t	0	0	0	0	0	0	0	0	0
y	0	0	0	0	0	0	0	0	0
