#		953
	1	2	3	4	5	6	7	8	9
A	0.06505771248688352	0	0.1080797481636936	0.07869884575026233	0.08394543546694648	0.08289611752360965	0.07974816369359916	0.1458551941238195	0.02728226652675761
C	0.001049317943336831	0	0	0	0	0.001049317943336831	0.001049317943336831	0.001049317943336831	0
D	0.053515215110178385	0	0.1930745015739769	0.10388247639034627	0.08184679958027283	0.048268625393494226	0.03462749213011543	0.014690451206715634	0
E	0.0944386149003148	0	0.08814270724029381	0.0776495278069255	0.08499475341028331	0.05666316894018888	0.07135362014690451	0.07240293809024134	0.002098635886673662
F	0.05456453305351522	0.001049317943336831	0.040923399790136414	0.01888772298006296	0.03672612801678909	0.02833158447009444	0.024134312696747113	0.011542497376705142	0.05036726128016789
G	0.03462749213011543	0	0.02833158447009444	0.07555089192025184	0.080797481636936	0.053515215110178385	0.0062959076600209865	0.016789087093389297	0
H	0.1080797481636936	0.9296956977964324	0.05456453305351522	0.026232948583420776	0.014690451206715634	0.04407135362014691	0.046169989506820566	0.014690451206715634	0.002098635886673662
I	0.055613850996852045	0	0.05036726128016789	0.03672612801678909	0.055613850996852045	0.09233997901364113	0.07869884575026233	0.03987408184679958	0.07450157397691501
K	0.012591815320041973	0.0031479538300104933	0	0.04407135362014691	0.035676810073452254	0.033578174186778595	0.00944386149003148	0.04197271773347324	0
L	0.024134312696747113	0	0.03672612801678909	0.08709338929695698	0.08184679958027283	0.07555089192025184	0.08709338929695698	0.08499475341028331	0.6998950682056663
M	0.0062959076600209865	0	0.013641133263378805	0.017838405036726127	0.011542497376705142	0.014690451206715634	0.022035676810073453	0.015739769150052464	0.05666316894018888
N	0.05666316894018888	0.002098635886673662	0.040923399790136414	0.05246589716684155	0.03252885624344176	0.046169989506820566	0.05141657922350472	0.017838405036726127	0
P	0	0.013641133263378805	0	0.0944386149003148	0.05456453305351522	0.02833158447009444	0.07869884575026233	0.005246589716684155	0
Q	0.06610703043022036	0.04407135362014691	0.07030430220356768	0.05036726128016789	0.05456453305351522	0.05876180482686254	0.06925498426023086	0.07974816369359916	0
R	0.014690451206715634	0.002098635886673662	0.0031479538300104933	0.030430220356768102	0.01993704092339979	0.026232948583420776	0.014690451206715634	0.03462749213011543	0.001049317943336831
S	0.09863588667366212	0	0.16474291710388247	0.08289611752360965	0.10912906610703044	0.08814270724029381	0.060860440713536204	0.161594963273872	0.001049317943336831
T	0.15424973767051417	0.001049317943336831	0.03987408184679958	0.055613850996852045	0.0472193074501574	0.07030430220356768	0.080797481636936	0.09863588667366212	0.004197271773347324
V	0.04512067156348373	0	0.0472193074501574	0.055613850996852045	0.09653725078698845	0.1248688352570829	0.14375655823714587	0.12801678908709338	0.080797481636936
W	0.0062959076600209865	0.002098635886673662	0.001049317943336831	0.0031479538300104933	0.002098635886673662	0.002098635886673662	0.008394543546694649	0	0
Y	0.048268625393494226	0.001049317943336831	0.01888772298006296	0.008394543546694649	0.015739769150052464	0.024134312696747113	0.03147953830010493	0.014690451206715634	0
s	0	0	0	0	0	0	0	0	0
t	0	0	0	0	0	0	0	0	0
y	0	0	0	0	0	0	0	0	0
