#		2780
	1	2	3	4	5	6	7	8	9
A	0.1381294964028777	0.003956834532374101	0.10287769784172662	0.06510791366906475	0.0539568345323741	0.06762589928057554	0.0618705035971223	0.10071942446043165	0.00035971223021582735
C	0.002158273381294964	0	0.011151079136690648	0.0017985611510791368	0.007553956834532374	0.00539568345323741	0.008633093525179856	0.012949640287769784	0
D	0.0007194244604316547	0.006115107913669065	0.09532374100719425	0.07697841726618705	0.07805755395683453	0.04784172661870503	0.03237410071942446	0.022661870503597123	0.00035971223021582735
E	0.025179856115107913	0.9564748201438849	0.12805755395683452	0.1316546762589928	0.12733812949640289	0.07589928057553957	0.11546762589928057	0.09280575539568345	0.0007194244604316547
F	0.02446043165467626	0	0.05	0.02050359712230216	0.021223021582733814	0.03237410071942446	0.02697841726618705	0.016906474820143885	0.014388489208633094
G	0.11007194244604317	0.0017985611510791368	0.033093525179856115	0.0776978417266187	0.07338129496402877	0.051798561151079135	0.015827338129496403	0.02805755395683453	0
H	0.04388489208633094	0.001079136690647482	0.029496402877697843	0.020863309352517987	0.027697841726618704	0.025899280575539568	0.039928057553956835	0.02410071942446043	0
I	0.03273381294964029	0.002517985611510791	0.08345323741007195	0.046402877697841724	0.05971223021582734	0.06942446043165468	0.10431654676258993	0.045323741007194246	0.07338129496402877
K	0.11942446043165468	0	0.033093525179856115	0.06402877697841726	0.07050359712230216	0.10071942446043165	0.019784172661870502	0.0776978417266187	0.002517985611510791
L	0.060431654676258995	0.008992805755395683	0.05827338129496403	0.07517985611510791	0.06942446043165468	0.06474820143884892	0.06978417266187051	0.07661870503597122	0.8571942446043166
M	0.00935251798561151	0.0014388489208633094	0.021223021582733814	0.010071942446043165	0.010431654676258994	0.013309352517985611	0.011151079136690648	0.013669064748201438	0.020863309352517987
N	0.022661870503597123	0.002158273381294964	0.03381294964028777	0.04028776978417266	0.03741007194244604	0.039928057553956835	0.025899280575539568	0.025179856115107913	0.00035971223021582735
P	0.0017985611510791368	0.003956834532374101	0.026258992805755395	0.08705035971223021	0.05827338129496403	0.0658273381294964	0.06618705035971223	0.008273381294964029	0.001079136690647482
Q	0.04784172661870503	0.002158273381294964	0.03237410071942446	0.058992805755395686	0.04712230215827338	0.06402877697841726	0.06294964028776978	0.0737410071942446	0.001079136690647482
R	0.08093525179856115	0.00035971223021582735	0.00539568345323741	0.038129496402877695	0.02697841726618705	0.05251798561151079	0.014748201438848921	0.05287769784172662	0.002517985611510791
S	0.14172661870503597	0.005035971223021582	0.07517985611510791	0.06438848920863309	0.0618705035971223	0.06546762589928058	0.052158273381294966	0.11258992805755395	0.0007194244604316547
T	0.06654676258992806	0.001079136690647482	0.06258992805755395	0.04712230215827338	0.06402877697841726	0.06258992805755395	0.09532374100719425	0.08705035971223021	0
V	0.038129496402877695	0.002517985611510791	0.09136690647482014	0.058633093525179855	0.08884892086330935	0.07553956834532374	0.14712230215827338	0.11258992805755395	0.019784172661870502
W	0.004676258992805755	0	0.006474820143884892	0.003237410071942446	0.001079136690647482	0.002517985611510791	0.00539568345323741	0.0014388489208633094	0.0014388489208633094
Y	0.029136690647482016	0.00035971223021582735	0.02050359712230216	0.011870503597122302	0.015107913669064749	0.016546762589928057	0.02410071942446043	0.014748201438848921	0.003237410071942446
s	0	0	0	0	0	0	0	0	0
t	0	0	0	0	0	0	0	0	0
y	0	0	0	0	0	0	0	0	0
