#		2230
	1	2	3	4	5	6	7	8	9
A	0.1780269058295964	0.0026905829596412557	0.08609865470852018	0.05784753363228699	0.04977578475336323	0.06143497757847534	0.05739910313901345	0.1210762331838565	0.04708520179372197
C	0.0004484304932735426	0	0.011210762331838564	0.0013452914798206279	0.008520179372197309	0.004932735426008968	0.007623318385650224	0.014798206278026907	0.0004484304932735426
D	0.0026905829596412557	0.03811659192825112	0.021524663677130046	0.07309417040358744	0.04484304932735426	0.021524663677130046	0.0242152466367713	0.015246636771300448	0
E	0.022869955156950672	0.9394618834080718	0.030493273542600896	0.1412556053811659	0.06547085201793722	0.05246636771300448	0.09192825112107623	0.08251121076233184	0
F	0.02197309417040359	0	0.07937219730941704	0.02466367713004484	0.03094170403587444	0.03542600896860987	0.03183856502242152	0.008520179372197309	0.05739910313901345
G	0.11838565022421525	0	0.04080717488789238	0.07892376681614349	0.07309417040358744	0.04349775784753363	0.009417040358744395	0.03094170403587444	0.0004484304932735426
H	0.050672645739910316	0	0.04125560538116592	0.023318385650224215	0.033183856502242155	0.0242152466367713	0.05291479820627803	0.022869955156950672	0.0008968609865470852
I	0.03587443946188341	0	0.0968609865470852	0.050672645739910316	0.07130044843049327	0.10134529147982063	0.06278026905829596	0.02242152466367713	0.07713004484304933
K	0.09551569506726458	0.0004484304932735426	0.10448430493273543	0.06816143497757847	0.11748878923766816	0.08026905829596413	0.06143497757847534	0.12869955156950671	0.0004484304932735426
L	0.03542600896860987	0.0017937219730941704	0.07892376681614349	0.06502242152466367	0.06591928251121076	0.07847533632286996	0.06995515695067264	0.03228699551569507	0.584304932735426
M	0.006726457399103139	0	0.020179372197309416	0.007623318385650224	0.009417040358744395	0.017040358744394617	0.010762331838565023	0.013004484304932735	0.050672645739910316
N	0.02062780269058296	0	0.04663677130044843	0.029596412556053813	0.04080717488789238	0.02376681614349776	0.03856502242152467	0.02242152466367713	0
P	0.0017937219730941704	0	0.02242152466367713	0.10896860986547086	0.07892376681614349	0.09820627802690583	0.10538116591928251	0.009865470852017937	0.004035874439461884
Q	0.03632286995515695	0.01031390134529148	0.028251121076233184	0.04977578475336323	0.054260089686098655	0.0726457399103139	0.06233183856502242	0.06591928251121076	0.0004484304932735426
R	0.09237668161434978	0	0.03587443946188341	0.037219730941704034	0.03991031390134529	0.0515695067264574	0.04977578475336323	0.05605381165919283	0
S	0.14618834080717488	0.0017937219730941704	0.04753363228699552	0.05291479820627803	0.0515695067264574	0.045291479820627804	0.04304932735426009	0.13452914798206278	0.0004484304932735426
T	0.06367713004484304	0.0013452914798206279	0.06233183856502242	0.042600896860986545	0.05336322869955157	0.05874439461883408	0.07982062780269059	0.10986547085201794	0.01569506726457399
V	0.03811659192825112	0.0008968609865470852	0.09506726457399103	0.06950672645739911	0.08878923766816144	0.11524663677130045	0.1031390134529148	0.10134529147982063	0.15964125560538117
W	0.0026905829596412557	0	0.017937219730941704	0.003139013452914798	0.003587443946188341	0.0017937219730941704	0.006726457399103139	0.0004484304932735426	0.0008968609865470852
Y	0.029596412556053813	0.003139013452914798	0.03273542600896861	0.014349775784753363	0.01883408071748879	0.01210762331838565	0.03094170403587444	0.007174887892376682	0
s	0	0	0	0	0	0	0	0	0
t	0	0	0	0	0	0	0	0	0
y	0	0	0	0	0	0	0	0	0
