#		1263
	1	2	3	4	5	6	7	8	9
A	0.2684085510688836	0.007125890736342043	0.1543942992874109	0.09026128266033254	0.07442596991290577	0.06571654790182106	0.10688836104513064	0.17656373713380838	0.618368962787015
C	0.00395882818685669	0	0.003167062549485352	0.00395882818685669	0.0023752969121140144	0.001583531274742676	0.003167062549485352	0.003167062549485352	0.02454473475851148
D	0	0.00870942201108472	0.028503562945368172	0.07442596991290577	0.05146476642913698	0.010292953285827395	0.019002375296912115	0.01583531274742676	0.00395882818685669
E	0.013460015835312747	0.9651623119556612	0.009501187648456057	0.171021377672209	0.06175771971496437	0.04196357878068092	0.04513064133016627	0.12430720506730007	0.010292953285827395
F	0.023752969121140142	0	0.09026128266033254	0.026920031670625493	0.0768012668250198	0.1417260490894695	0.011084718923198733	0.003167062549485352	0.000791765637371338
G	0.12668250197941408	0.00395882818685669	0.02454473475851148	0.055423594615993665	0.10292953285827396	0.047505938242280284	0.02929532858273951	0.04829770387965162	0.00870942201108472
H	0.018210609659540775	0.001583531274742676	0.04117181314330958	0.00870942201108472	0.03642121931908155	0.02058590657165479	0.02058590657165479	0.006334125098970704	0
I	0.03483768804433888	0	0.13064133016627077	0.03642121931908155	0.030087094220110848	0.04433887569279493	0.07442596991290577	0.023752969121140142	0.018210609659540775
K	0.09026128266033254	0.000791765637371338	0.03483768804433888	0.04433887569279493	0.07442596991290577	0.050673000791765635	0.0498812351543943	0.04829770387965162	0.000791765637371338
L	0.05938242280285035	0	0.0855106888361045	0.06413301662707839	0.052256532066508314	0.14014251781472684	0.14489311163895488	0.04592240696753761	0.0055423594615993665
M	0.0166270783847981	0.000791765637371338	0.026128266033254157	0.0055423594615993665	0.004750593824228029	0.018210609659540775	0.014251781472684086	0.00395882818685669	0.00395882818685669
N	0.0055423594615993665	0.000791765637371338	0.026128266033254157	0.03721298495645289	0.04671417260490895	0.014251781472684086	0.03483768804433888	0.011876484560570071	0.0023752969121140144
P	0.000791765637371338	0	0.004750593824228029	0.11322248614410134	0.10292953285827396	0.052256532066508314	0.10530482977038796	0.05304829770387965	0.17814726840855108
Q	0.056215360253365	0.004750593824228029	0.02058590657165479	0.056215360253365	0.03246239113222486	0.056215360253365	0.04908946951702296	0.05779889152810768	0.000791765637371338
R	0.060174188440221696	0.0023752969121140144	0.028503562945368172	0.03167062549485352	0.050673000791765635	0.04671417260490895	0.04908946951702296	0.014251781472684086	0.0023752969121140144
S	0.10372129849564529	0.0023752969121140144	0.050673000791765635	0.0688836104513064	0.0791765637371338	0.08076009501187649	0.06175771971496437	0.14885193982581155	0.027711797307996833
T	0.04829770387965162	0	0.030878859857482184	0.040380047505938245	0.053840063341250986	0.08234362628661916	0.0831353919239905	0.10055423594615993	0.027711797307996833
V	0.03721298495645289	0	0.09738717339667459	0.0498812351543943	0.038796516231195566	0.056215360253365	0.0894695170229612	0.11322248614410134	0.06413301662707839
W	0.00395882818685669	0.001583531274742676	0.010292953285827395	0.006334125098970704	0.00870942201108472	0.0166270783847981	0.001583531274742676	0.000791765637371338	0
Y	0.028503562945368172	0	0.1021377672209026	0.015043547110055424	0.019002375296912115	0.011876484560570071	0.007125890736342043	0	0.001583531274742676
s	0	0	0	0	0	0	0	0	0
t	0	0	0	0	0	0	0	0	0
y	0	0	0	0	0	0	0	0	0
