#		1518
	1	2	3	4	5	6	7	8	9
A	0.1310935441370224	0.007246376811594203	0.11133069828722003	0.077733860342556	0.039525691699604744	0.059947299077733864	0.028326745718050064	0.05928853754940711	0.001976284584980237
C	0.0013175230566534915	0.0006587615283267457	0.010540184453227932	0	0.005270092226613966	0.002635046113306983	0.0032938076416337285	0.007246376811594203	0.0006587615283267457
D	0.03491436100131752	0.019104084321475624	0.046772068511198944	0.1469038208168643	0.030303030303030304	0.006587615283267457	0.0006587615283267457	0.021080368906455864	0.0006587615283267457
E	0.19433465085638998	0.9420289855072463	0.08695652173913043	0.22727272727272727	0.06324110671936758	0.07114624505928854	0.06126482213438735	0.0691699604743083	0.0013175230566534915
F	0.010540184453227932	0.0013175230566534915	0.03359683794466403	0.014492753623188406	0.06324110671936758	0.06455862977602109	0	0.026350461133069828	0.18181818181818182
G	0.030961791831357048	0.003952569169960474	0.04479578392621871	0.021080368906455864	0.001976284584980237	0.019762845849802372	0	0.00922266139657444	0
H	0.017127799736495388	0.0006587615283267457	0.016469038208168644	0.021080368906455864	0.017127799736495388	0.017786561264822136	0.034255599472990776	0.03557312252964427	0.00461133069828722
I	0.008563899868247694	0.002635046113306983	0.07707509881422925	0.039525691699604744	0.1370223978919631	0.10606060606060606	0.032279314888010543	0.019762845849802372	0.06455862977602109
K	0.08761528326745718	0	0.028985507246376812	0.050724637681159424	0.03689064558629776	0.11198945981554677	0.2977602108036891	0.2246376811594203	0.001976284584980237
L	0.019762845849802372	0.002635046113306983	0.08234519104084322	0.032279314888010543	0.1785243741765481	0.0922266139657444	0.11330698287220026	0.06587615283267458	0.31488801054018445
M	0.024374176548089592	0	0.036231884057971016	0.013175230566534914	0.019762845849802372	0.0230566534914361	0.007246376811594203	0.021080368906455864	0.029644268774703556
N	0.03689064558629776	0.0006587615283267457	0.08893280632411067	0.06060606060606061	0.03557312252964427	0.02766798418972332	0.03557312252964427	0.046772068511198944	0
P	0	0.002635046113306983	0.017786561264822136	0.036231884057971016	0.0013175230566534915	0.036231884057971016	0	0.0006587615283267457	0
Q	0.09090909090909091	0.011198945981554678	0.05401844532279315	0.06851119894598155	0.050724637681159424	0.10474308300395258	0.15151515151515152	0.10210803689064558	0.005928853754940711
R	0.07575757575757576	0.001976284584980237	0.015810276679841896	0.048748353096179184	0.04743083003952569	0.05928853754940711	0.11264822134387352	0.12911725955204217	0.0013175230566534915
S	0.12450592885375494	0.0013175230566534915	0.08563899868247694	0.0691699604743083	0.0230566534914361	0.034255599472990776	0.039525691699604744	0.04216073781291173	0.0013175230566534915
T	0.08563899868247694	0.0006587615283267457	0.07048748353096179	0.026350461133069828	0.05862977602108037	0.034255599472990776	0.04216073781291173	0.03557312252964427	0.002635046113306983
V	0.024374176548089592	0.0006587615283267457	0.07180500658761528	0.020421607378129116	0.1370223978919631	0.09486166007905138	0.036231884057971016	0.055994729907773384	0.007905138339920948
W	0	0	0.001976284584980237	0.007246376811594203	0.011198945981554678	0.002635046113306983	0.0013175230566534915	0.003952569169960474	0.12187088274044795
Y	0.0013175230566534915	0.0006587615283267457	0.01844532279314888	0.01844532279314888	0.04216073781291173	0.030303030303030304	0.002635046113306983	0.024374176548089592	0.25691699604743085
s	0	0	0	0	0	0	0	0	0
t	0	0	0	0	0	0	0	0	0
y	0	0	0	0	0	0	0	0	0
