#		1841
	1	2	3	4	5	6	7	8	9
A	0.1325366648560565	0.0005431830526887561	0.09234111895708853	0.053231939163498096	0.06137968495382944	0.08636610537751223	0.060836501901140684	0.06137968495382944	0
C	0	0	0.0005431830526887561	0	0.0016295491580662683	0	0.0010863661053775121	0.0005431830526887561	0
D	0.028788701792504073	0.018468223791417708	0.0755024443237371	0.09831613253666485	0.051602390005431834	0.03367734926670288	0.018468223791417708	0.020640956002172733	0
E	0.17001629549158065	0.9717544812601847	0.06952743074416078	0.15860945138511678	0.08690928843020097	0.051602390005431834	0.08256382400869093	0.057577403585008145	0.0021727322107550242
F	0.010320478001086366	0	0.042911461162411735	0.017381857686040194	0.030961434003259097	0.028245518739815317	0.028788701792504073	0.022813688212927757	0.3280825638240087
G	0.0841933731667572	0	0.06355241716458447	0.0977729494839761	0.08093427485062465	0.07821835958718087	0.014665942422596416	0.06952743074416078	0
H	0.017381857686040194	0	0.03476371537208039	0.016295491580662683	0.033134166214014125	0.041281912004345465	0.061922868006518195	0.04345464421510049	0
I	0.010863661053775122	0	0.09668658337859859	0.033134166214014125	0.05866376969038566	0.07441607821835959	0.060293318848451925	0.006518196632265073	0.08365019011406843
K	0.09342748506246605	0.0005431830526887561	0.03802281368821293	0.06844106463878327	0.056491037479630635	0.09560021727322107	0.06572514937533949	0.1499185225420967	0.0027159152634437804
L	0.014665942422596416	0	0.06898424769147203	0.07007061379684953	0.08745247148288973	0.053231939163498096	0.06246605105920695	0.07876154263986963	0.36556219445953286
M	0.005975013579576317	0	0.024986420423682782	0.013036393264530146	0.021727322107550243	0.010320478001086366	0.012493210211841391	0.020640956002172733	0.052688756110809344
N	0.04182509505703422	0.0021727322107550242	0.08799565453557849	0.039652362846279196	0.04182509505703422	0.051602390005431834	0.04888647474198805	0.031504617055947856	0
P	0.0005431830526887561	0	0.017925040738728953	0.11515480717001629	0.06789788158609451	0.03259098316132537	0.056491037479630635	0.0010863661053775121	0.0005431830526887561
Q	0.052688756110809344	0.0016295491580662683	0.07170016295491581	0.047800108636610536	0.061922868006518195	0.05594785442694188	0.08473655621944595	0.09342748506246605	0
R	0.07821835958718087	0	0.010320478001086366	0.045084193373166756	0.045084193373166756	0.060293318848451925	0.08256382400869093	0.09885931558935361	0.0016295491580662683
S	0.11678435632808257	0.0016295491580662683	0.07821835958718087	0.048343291689299295	0.06898424769147203	0.08310700706137969	0.054318305268875614	0.10157523085279739	0.0005431830526887561
T	0.09234111895708853	0	0.036936447582835416	0.030961434003259097	0.059206952743074415	0.05975013579576317	0.06518196632265073	0.07821835958718087	0.0010863661053775121
V	0.034220532319391636	0	0.059206952743074415	0.035850081477457905	0.052688756110809344	0.08093427485062465	0.09994568169473113	0.04073872895165671	0.016295491580662683
W	0.008147745790331342	0.0005431830526887561	0.012493210211841391	0.0021727322107550242	0.0076045627376425855	0.006518196632265073	0.010320478001086366	0.0027159152634437804	0.12330255296034763
Y	0.007061379684953829	0.0027159152634437804	0.017381857686040194	0.008690928843020097	0.023900054318305268	0.016295491580662683	0.028245518739815317	0.020097772949483977	0.021727322107550243
s	0	0	0	0	0	0	0	0	0
t	0	0	0	0	0	0	0	0	0
y	0	0	0	0	0	0	0	0	0
