#		1394
	1	2	3	4	5	6	7	8	9
A	0.007890961262553802	0.03730272596843615	0.08536585365853659	0.07101865136298421	0.06312769010043041	0.06743185078909612	0.05021520803443329	0.03299856527977044	0.007890961262553802
C	0.0014347202295552368	0	0.007173601147776184	0	0.005021520803443328	0.00430416068866571	0.0028694404591104736	0.005738880918220947	0
D	0.028694404591104734	0	0.028694404591104734	0.0667144906743185	0.03084648493543759	0.017934002869440458	0.015064562410329985	0.006456241032998565	0.0007173601147776184
E	0.02080344332855093	0.0014347202295552368	0.03156384505021521	0.10975609756097561	0.04232424677187949	0.028694404591104734	0.029411764705882353	0.06599713055954089	0
F	0.06527977044476327	0.002152080344332855	0.09253945480631277	0.020086083213773313	0.035868005738880916	0.05236728837876614	0.010043041606886656	0.019368723098995694	0.00430416068866571
G	0	0	0.007890961262553802	0.08321377331420372	0.07317073170731707	0.05021520803443329	0.00860832137733142	0.02223816355810617	0.0014347202295552368
H	0.020086083213773313	0.002152080344332855	0.03156384505021521	0.035868005738880916	0.03371592539454806	0.019368723098995694	0.03299856527977044	0.035868005738880916	0
I	0.09182209469153516	0.003586800573888092	0.046628407460545196	0.027977044476327116	0.05308464849354376	0.11549497847919656	0.05810616929698709	0.04160688665710186	0.42109038737446197
K	0.003586800573888092	0	0.027259684361549498	0.03371592539454806	0.050932568149210905	0.03443328550932568	0.03730272596843615	0.06814921090387374	0.0014347202295552368
L	0.3593974175035868	0.003586800573888092	0.11119081779053085	0.058823529411764705	0.058823529411764705	0.08034433285509325	0.11190817790530846	0.10401721664275466	0.08393113342898136
M	0.058823529411764705	0.00860832137733142	0.017934002869440458	0.01291248206599713	0.012195121951219513	0.027259684361549498	0.02295552367288379	0.00860832137733142	0.014347202295552367
N	0.015064562410329985	0	0.04591104734576758	0.04519368723098996	0.029411764705882353	0.024390243902439025	0.04806312769010043	0.04591104734576758	0.0014347202295552368
P	0	0.9182209469153515	0.09325681492109039	0.16929698708751795	0.1449067431850789	0.11190817790530846	0.17001434720229555	0.009325681492109038	0.003586800573888092
Q	0.020086083213773313	0.00860832137733142	0.019368723098995694	0.04447632711621234	0.05380200860832138	0.06169296987087518	0.055236728837876614	0.05021520803443329	0.0007173601147776184
R	0.00430416068866571	0.002152080344332855	0.04806312769010043	0.02582496413199426	0.035868005738880916	0.03012912482065997	0.08393113342898136	0.03945480631276901	0.00430416068866571
S	0.024390243902439025	0.005738880918220947	0.05021520803443329	0.09899569583931134	0.09971305595408896	0.08393113342898136	0.09469153515064563	0.11621233859397417	0.002152080344332855
T	0.029411764705882353	0.003586800573888092	0.025107604017216643	0.047345767575322814	0.06886657101865136	0.05236728837876614	0.07173601147776183	0.1836441893830703	0.005738880918220947
V	0.14131994261119082	0.0028694404591104736	0.05308464849354376	0.03156384505021521	0.0824964131994261	0.11047345767575323	0.07962697274031563	0.11190817790530846	0.44404591104734575
W	0.0014347202295552368	0	0.024390243902439025	0.00430416068866571	0.005738880918220947	0.006456241032998565	0.0028694404591104736	0.0007173601147776184	0
Y	0.10616929698708752	0	0.15279770444763272	0.01291248206599713	0.020086083213773313	0.02080344332855093	0.014347202295552367	0.03156384505021521	0.0028694404591104736
s	0	0	0	0	0	0	0	0	0
t	0	0	0	0	0	0	0	0	0
y	0	0	0	0	0	0	0	0	0
