#		1096
	1	2	3	4	5	6	7	8	9
A	0.009124087591240875	0.7308394160583942	0.07937956204379562	0.07937956204379562	0.07116788321167883	0.07846715328467153	0.072992700729927	0.06569343065693431	0.0036496350364963502
C	0	0.009124087591240875	0.004562043795620438	0.0036496350364963502	0.008211678832116789	0.006386861313868613	0.010036496350364963	0.010036496350364963	0.002737226277372263
D	0.5437956204379562	0.009124087591240875	0.008211678832116789	0.06295620437956205	0.029197080291970802	0.013686131386861315	0.020072992700729927	0.005474452554744526	0.0009124087591240876
E	0.051094890510948905	0.0009124087591240876	0.012773722627737226	0.09124087591240876	0.029197080291970802	0.02281021897810219	0.035583941605839414	0.060218978102189784	0.0009124087591240876
F	0.029197080291970802	0.0036496350364963502	0.11861313868613138	0.010948905109489052	0.05748175182481752	0.05474452554744526	0.016423357664233577	0.016423357664233577	0.017335766423357664
G	0.002737226277372263	0.09580291970802919	0.010036496350364963	0.041970802919708027	0.06569343065693431	0.04105839416058394	0.010036496350364963	0.010948905109489052	0
H	0.024635036496350366	0	0.028284671532846715	0.024635036496350366	0.04105839416058394	0.025547445255474453	0.040145985401459854	0.02281021897810219	0.0036496350364963502
I	0.037408759124087594	0.010036496350364963	0.037408759124087594	0.055656934306569344	0.055656934306569344	0.0948905109489051	0.06204379562043796	0.028284671532846715	0.4142335766423358
K	0.0009124087591240876	0	0.03832116788321168	0.06478102189781022	0.046532846715328466	0.06295620437956205	0.055656934306569344	0.07664233576642336	0.0036496350364963502
L	0.009124087591240875	0.008211678832116789	0.13594890510948904	0.09762773722627738	0.04744525547445255	0.14051094890510948	0.13777372262773724	0.07208029197080291	0.0739051094890511
M	0.024635036496350366	0.0018248175182481751	0.030109489051094892	0.012773722627737226	0.012773722627737226	0.020985401459854013	0.01824817518248175	0.017335766423357664	0.012773722627737226
N	0.05018248175182482	0.0009124087591240876	0.04562043795620438	0.03467153284671533	0.04288321167883212	0.024635036496350366	0.08302919708029197	0.04288321167883212	0
P	0	0.055656934306569344	0.08667883211678833	0.13777372262773724	0.06204379562043796	0.048357664233576646	0.072992700729927	0.006386861313868613	0.0009124087591240876
Q	0.013686131386861315	0.0009124087591240876	0.011861313868613138	0.046532846715328466	0.08941605839416059	0.06295620437956205	0.05018248175182482	0.05291970802919708	0
R	0.0018248175182481751	0.0018248175182481751	0.04927007299270073	0.040145985401459854	0.05018248175182482	0.0364963503649635	0.06569343065693431	0.04562043795620438	0.002737226277372263
S	0.03923357664233577	0.02645985401459854	0.03832116788321168	0.07937956204379562	0.08485401459854014	0.06113138686131387	0.06934306569343066	0.1386861313868613	0.0009124087591240876
T	0.072992700729927	0.004562043795620438	0.01551094890510949	0.05200729927007299	0.060218978102189784	0.07208029197080291	0.07664233576642336	0.22262773722627738	0.0009124087591240876
V	0.060218978102189784	0.03832116788321168	0.043795620437956206	0.048357664233576646	0.11131386861313869	0.10127737226277372	0.09671532846715329	0.0812043795620438	0.4498175182481752
W	0.0036496350364963502	0	0.016423357664233577	0.004562043795620438	0.005474452554744526	0.0036496350364963502	0	0.0009124087591240876	0.0009124087591240876
Y	0.025547445255474453	0.0018248175182481751	0.18886861313868614	0.010948905109489052	0.029197080291970802	0.02737226277372263	0.006386861313868613	0.02281021897810219	0.010036496350364963
s	0	0	0	0	0	0	0	0	0
t	0	0	0	0	0	0	0	0	0
y	0	0	0	0	0	0	0	0	0
