#		547
	1	2	3	4	5	6	7	8	9
A	0.12979890310786105	0.029250457038391225	0.04204753199268738	0.0603290676416819	0.04021937842778794	0.05850091407678245	0.031078610603290677	0.04570383912248629	0.005484460694698354
C	0.003656307129798903	0	0.009140767824497258	0.009140767824497258	0.009140767824497258	0.003656307129798903	0.012797074954296161	0.003656307129798903	0
D	0.0018281535648994515	0	0.009140767824497258	0.054844606946983544	0.003656307129798903	0.02376599634369287	0.007312614259597806	0.003656307129798903	0
E	0.03656307129798903	0.014625228519195612	0.005484460694698354	0.10968921389396709	0.021937842778793418	0.04204753199268738	0.06398537477148081	0.06398537477148081	0
F	0.012797074954296161	0.031078610603290677	0.08592321755027423	0.025594149908592323	0.17550274223034734	0.04753199268738574	0.016453382084095063	0.02010968921389397	0.0018281535648994515
G	0.07312614259597806	0.014625228519195612	0.003656307129798903	0.054844606946983544	0.054844606946983544	0.03290676416819013	0.005484460694698354	0.010968921389396709	0
H	0.12979890310786105	0	0.08043875685557587	0.007312614259597806	0.043875685557586835	0.03473491773308958	0.056672760511883	0.03473491773308958	0
I	0.03473491773308958	0.003656307129798903	0.04936014625228519	0.062157221206581355	0.113345521023766	0.11517367458866545	0.0603290676416819	0.018281535648994516	0.40950639853747717
K	0.03473491773308958	0	0.06398537477148081	0.05850091407678245	0.04753199268738574	0.062157221206581355	0.04753199268738574	0.08957952468007313	0.003656307129798903
L	0.03290676416819013	0.031078610603290677	0.07861060329067641	0.12431444241316271	0.0712979890310786	0.09323583180987204	0.113345521023766	0.054844606946983544	0.04021937842778794
M	0.027422303473491772	0.1480804387568556	0.021937842778793418	0.02010968921389397	0.027422303473491772	0.018281535648994516	0.018281535648994516	0.012797074954296161	0.018281535648994516
N	0.03473491773308958	0.005484460694698354	0.04021937842778794	0.016453382084095063	0.04204753199268738	0.02376599634369287	0.10786106032906764	0.04753199268738574	0
P	0	0.007312614259597806	0.02010968921389397	0.13528336380255943	0.05301645338208409	0.07495429616087751	0.07861060329067641	0	0
Q	0.07861060329067641	0.5923217550274223	0.029250457038391225	0.05850091407678245	0.05301645338208409	0.07312614259597806	0.054844606946983544	0.043875685557586835	0.0018281535648994515
R	0.07495429616087751	0.0018281535648994515	0.11517367458866545	0.03473491773308958	0.03656307129798903	0.04936014625228519	0.05850091407678245	0.06764168190127971	0
S	0.07861060329067641	0.08409506398537477	0.005484460694698354	0.043875685557586835	0.018281535648994516	0.051188299817184646	0.06581352833638025	0.12979890310786105	0
T	0.051188299817184646	0.027422303473491772	0.018281535648994516	0.04570383912248629	0.038391224862888484	0.08226691042047532	0.06946983546617916	0.26508226691042047	0.0018281535648994515
V	0.12248628884826325	0.007312614259597806	0.038391224862888484	0.06581352833638025	0.10786106032906764	0.09506398537477148	0.113345521023766	0.07678244972577697	0.5155393053016454
W	0	0	0.007312614259597806	0	0.003656307129798903	0.003656307129798903	0.003656307129798903	0	0
Y	0.04204753199268738	0.0018281535648994515	0.2760511882998172	0.012797074954296161	0.038391224862888484	0.014625228519195612	0.014625228519195612	0.010968921389396709	0.0018281535648994515
s	0	0	0	0	0	0	0	0	0
t	0	0	0	0	0	0	0	0	0
y	0	0	0	0	0	0	0	0	0
