#		2765
	1	2	3	4	5	6	7	8	9
A	0.09113924050632911	0.1848101265822785	0.08173598553345389	0.04954792043399638	0.047739602169981916	0.06112115732368897	0.06003616636528029	0.04629294755877034	0.0014466546112115732
C	0.002531645569620253	0.006871609403254973	0.007233273056057866	0.0007233273056057866	0.004701627486437613	0.006148282097649186	0.00216998191681736	0.0065099457504520794	0.00108499095840868
D	0.006871609403254973	0.004701627486437613	0.0593128390596745	0.06726943942133816	0.05461121157323689	0.03218806509945751	0.04122965641952984	0.02314647377938517	0.00108499095840868
E	0.013019891500904159	0.007233273056057866	0.02748643761301989	0.07992766726943942	0.06582278481012659	0.05569620253164557	0.09258589511754069	0.06582278481012659	0.0028933092224231465
F	0.028209764918625677	0.003978300180831827	0.06148282097649186	0.02748643761301989	0.040867992766726945	0.039783001808318265	0.044122965641952984	0.038698010849909585	0.05352622061482821
G	0.04014466546112116	0.04810126582278481	0.040867992766726945	0.06799276672694395	0.05171790235081374	0.04484629294755877	0.018806509945750453	0.04014466546112116	0
H	0.05135623869801085	0.0032549728752260397	0.03688969258589512	0.021338155515370705	0.037613019891500905	0.03725135623869801	0.05171790235081374	0.03833634719710669	0.0003616636528028933
I	0.07269439421338156	0.04810126582278481	0.05063291139240506	0.0484629294755877	0.07522603978300181	0.07811934900542496	0.04629294755877034	0.0325497287522604	0
K	0.13309222423146475	0.006148282097649186	0.09981916817359855	0.08788426763110307	0.06654611211573237	0.05280289330922242	0.04954792043399638	0.07486437613019892	0.00216998191681736
L	0.10126582278481013	0.07884267631103074	0.10524412296564195	0.07775768535262206	0.1236889692585895	0.12151898734177215	0.07088607594936709	0.13056057866184448	0
M	0.022423146473779385	0.014104882459312839	0.020976491862567812	0.011573236889692586	0.016636528028933093	0.015551537070524412	0.014828209764918625	0.021338155515370705	0
N	0.020253164556962026	0.006148282097649186	0.040867992766726945	0.040867992766726945	0.03942133815551537	0.03688969258589512	0.03905967450271248	0.05135623869801085	0.00108499095840868
P	0.004701627486437613	0.009041591320072333	0.018083182640144666	0.1027124773960217	0.0593128390596745	0.06437613019891501	0.04050632911392405	0.006871609403254973	0.0007233273056057866
Q	0.03688969258589512	0.014104882459312839	0.035443037974683546	0.05244122965641953	0.034358047016274866	0.059674502712477394	0.07088607594936709	0.06003616636528029	0.0003616636528028933
R	0.08824593128390597	0.00216998191681736	0.08571428571428572	0.05822784810126582	0.05244122965641953	0.053164556962025315	0.09656419529837251	0.07631103074141049	0.0014466546112115732
S	0.09620253164556962	0.24520795660036165	0.06980108499095841	0.07341772151898734	0.039783001808318265	0.056419529837251355	0.06943942133815552	0.10994575045207956	0
T	0.0759493670886076	0.20289330922242316	0.04231464737793852	0.04954792043399638	0.07233273056057866	0.0484629294755877	0.04701627486437613	0.07739602169981917	0.0032549728752260397
V	0.08065099457504521	0.10994575045207956	0.057504520795660034	0.05605786618444846	0.08462929475587704	0.10198915009041591	0.07305605786618445	0.06112115732368897	0.0007233273056057866
W	0.007956600361663653	0.0018083182640144665	0.022061482820976492	0.013019891500904159	0.010488245931283906	0.013743218806509945	0.027124773960216998	0.007956600361663653	0.918625678119349
Y	0.02640144665461121	0.002531645569620253	0.036528028933092226	0.013743218806509945	0.022061482820976492	0.020253164556962026	0.044122965641952984	0.03074141048824593	0.011211573236889693
s	0	0	0	0	0	0	0	0	0
t	0	0	0	0	0	0	0	0	0
y	0	0	0	0	0	0	0	0	0
