#		2993
	1	2	3	4	5	6	7	8	9
A	0.044102906782492485	0.1540260608085533	0.058803875709989975	0.04878048780487805	0.03374540594721016	0.05679919812896759	0.05245573003675242	0.034747744737721346	0
C	0.0013364517206815904	0.003341129301703976	0.008018710324089542	0.0036752422318743734	0.004343468092215168	0.006014032743067156	0.006014032743067156	0.004343468092215168	0.0003341129301703976
D	0.0003341129301703976	0.0070163715335783495	0.010023387905111928	0.07484129635816907	0.053458068827263616	0.028399599064483794	0.024390243902439025	0.012362178416304711	0
E	0.006348145673237555	0.003007016371533578	0.004343468092215168	0.09856331440026729	0.06114266622118276	0.046775810223855664	0.0825258937520882	0.0684931506849315	0
F	0.030738389575676577	0.003007016371533578	0.06949548947544269	0.020380888740394253	0.06314734380220514	0.04744403608419646	0.05646508519879719	0.05679919812896759	0.44938189107918475
G	0.021383227530905446	0.010691613765452723	0.017039759438690277	0.0410958904109589	0.03942532576010692	0.02906782492482459	0.007684597393919144	0.01971266288005346	0
H	0.028065486134313398	0.0020046775810223854	0.02906782492482459	0.02104911460073505	0.034747744737721346	0.032408954226528564	0.056130972268626796	0.038088874039425326	0.0003341129301703976
I	0.09856331440026729	0.022719679251587035	0.0547945205479452	0.04042766455061811	0.12195121951219512	0.09689274974941531	0.05078516538590044	0.02639492148346141	0.0958904109589041
K	0.31239558970932174	0.003007016371533578	0.16638823922485801	0.1266288005345807	0.05111927831607083	0.05245573003675242	0.07116605412629469	0.0845305713331106	0.0036752422318743734
L	0.10190444370197127	0.015369194787838289	0.17240227196792515	0.053458068827263616	0.1650517875041764	0.140327430671567	0.08018710324089542	0.1376545272302038	0.20247243568326095
M	0.02238556632141664	0.005011693952555964	0.033077180086869364	0.0053458068827263614	0.013364517206815904	0.01971266288005346	0.0136986301369863	0.019044437019712663	0.03274306715669897
N	0.0013364517206815904	0.001670564650851988	0.0414300033411293	0.04443701971266288	0.03207484129635817	0.04543935850317407	0.031072502505846977	0.05212161710658202	0
P	0.0026729034413631807	0.007684597393919144	0.0023387905111927833	0.13397928499832942	0.035415970598062146	0.04878048780487805	0.0557968593384564	0.0013364517206815904	0.0006682258603407952
Q	0.037086535248914136	0	0.02104911460073505	0.04009355162044771	0.033077180086869364	0.08152355496157701	0.06114266622118276	0.06749081189442031	0.001670564650851988
R	0.13665218843969262	0.0026729034413631807	0.10892081523554961	0.06782492482459071	0.028065486134313398	0.05245573003675242	0.12061476779151353	0.05111927831607083	0
S	0.024056130972268625	0.35883728700300704	0.054460407617774806	0.054460407617774806	0.04042766455061811	0.0417641162712997	0.0417641162712997	0.07550952221850986	0
T	0.03508185766789175	0.3160708319411961	0.029736050785165388	0.054460407617774806	0.0417641162712997	0.045105245573003674	0.04009355162044771	0.13197460741730704	0
V	0.07317073170731707	0.08018710324089542	0.06114266622118276	0.05412629468760441	0.11259605746742399	0.08820581356498497	0.07550952221850986	0.0698296024056131	0.00968927497494153
W	0	0.0010023387905111927	0.021717340461075842	0.004343468092215168	0.008018710324089542	0.006682258603407952	0.030070163715335784	0.0053458068827263614	0
Y	0.02238556632141664	0.0026729034413631807	0.03575008352823254	0.012028065486134313	0.027063147343802205	0.03374540594721016	0.042432342131640495	0.04310056799198129	0.20314066154360175
s	0	0	0	0	0	0	0	0	0
t	0	0	0	0	0	0	0	0	0
y	0	0	0	0	0	0	0	0	0
