#		1378
	1	2	3	4	5	6	7	8	9
A	0.1386066763425254	0.5660377358490566	0.1378809869375907	0.07111756168359942	0.07039187227866474	0.08780841799709724	0.09143686502177069	0.07474600870827286	0.018867924528301886
C	0.005805515239477504	0	0.00362844702467344	0.005805515239477504	0.005805515239477504	0.007982583454281567	0.01088534107402032	0.011611030478955007	0
D	0.000725689404934688	0	0.002902757619738752	0.15529753265602322	0.020319303338171262	0.0043541364296081275	0.013062409288824383	0.01088534107402032	0
E	0.00362844702467344	0	0.001451378809869376	0.1444121915820029	0.015239477503628448	0.023222060957910014	0.06531204644412192	0.11103047895500726	0.0043541364296081275
F	0.0965166908563135	0.001451378809869376	0.09361393323657474	0.012336719883889695	0.05805515239477504	0.029753265602322207	0.0050798258345428155	0.023947750362844702	0.28519593613933236
G	0.005805515239477504	0.019593613933236574	0.01741654571843251	0.0899854862119013	0.07184325108853411	0.13352685050798258	0.03193033381712627	0.011611030478955007	0
H	0.029753265602322207	0	0.029753265602322207	0.018867924528301886	0.055152394775036286	0.02177068214804064	0.031204644412191583	0.03918722786647315	0.06748911465892599
I	0.059506531204644414	0.11248185776487664	0.0965166908563135	0.018142235123367198	0.09506531204644413	0.11538461538461539	0.04426705370101597	0.04426705370101597	0.011611030478955007
K	0.08563134978229318	0.000725689404934688	0.18867924528301888	0.018867924528301886	0.045718432510885344	0.027576197387518143	0.02467343976777939	0.031204644412191583	0.00362844702467344
L	0.04934687953555878	0.03773584905660377	0.008708272859216255	0.03483309143686502	0.054426705370101594	0.07329462989840348	0.06095791001451379	0.02539912917271408	0.23367198838896952
M	0.018867924528301886	0.007982583454281567	0.02830188679245283	0.00725689404934688	0.00725689404934688	0.006531204644412192	0.018142235123367198	0.006531204644412192	0.059506531204644414
N	0.04499274310595065	0.001451378809869376	0.04716981132075472	0.03773584905660377	0.03483309143686502	0.016690856313497822	0.03701015965166909	0.01451378809869376	0
P	0.001451378809869376	0	0.05878084179970972	0.16618287373004353	0.16618287373004353	0.09361393323657474	0.029753265602322207	0.029753265602322207	0
Q	0.012336719883889695	0.01741654571843251	0.01741654571843251	0.02539912917271408	0.022496371552975326	0.030478955007256895	0.06894049346879536	0.02467343976777939	0.001451378809869376
R	0.047895500725689405	0.006531204644412192	0.08563134978229318	0.015965166908563134	0.03193033381712627	0.03483309143686502	0.03991291727140784	0.013788098693759071	0.000725689404934688
S	0.11611030478955008	0.09071117561683599	0.05370101596516691	0.07982583454281568	0.054426705370101594	0.06821480406386067	0.1799709724238026	0.1741654571843251	0.001451378809869376
T	0.06386066763425254	0.05878084179970972	0.018142235123367198	0.04354136429608128	0.05079825834542816	0.10885341074020319	0.1204644412191582	0.16110304789550073	0.000725689404934688
V	0.14078374455732948	0.07764876632801161	0.05805515239477504	0.03701015965166909	0.10159651669085631	0.08853410740203194	0.10740203193033382	0.16110304789550073	0.038461538461538464
W	0.000725689404934688	0	0.0021770682148040637	0.00725689404934688	0.013788098693759071	0.002902757619738752	0.006531204644412192	0	0
Y	0.07764876632801161	0.001451378809869376	0.050072568940493466	0.010159651669085631	0.02467343976777939	0.02467343976777939	0.013062409288824383	0.030478955007256895	0.2728592162554427
s	0	0	0	0	0	0	0	0	0
t	0	0	0	0	0	0	0	0	0
y	0	0	0	0	0	0	0	0	0
