#		1871
	1	2	3	4	5	6	7	8	9
A	0.11010154997327633	0.01122394441475147	0.039016568679850344	0.07803313735970069	0.07589524318546231	0.136825227151256	0.06787814003206841	0.16408337787279528	0.012292891501870658
C	0.003206841261357563	0.0005344735435595938	0.003206841261357563	0.0074826296098343134	0.00694815606627472	0.009620523784072688	0.005879208979155532	0.02779262426509888	0
D	0	0	0.003206841261357563	0.12613575628006413	0.028861571352218066	0.01389631213254944	0.018172100481026188	0.034740780331373594	0
E	0.003206841261357563	0	0.014430785676109033	0.14163548904329235	0.03580972741849278	0.021913415285943347	0.05718866916087654	0.15820416889363975	0
F	0.11651523249599145	0.41742383752004275	0.05611972207375735	0.03848209513629075	0.04756814537680385	0.03153393907001603	0.009086050240513094	0.01977552111170497	0.20470336718332444
G	0.014965259219668627	0.0016034206306787815	0.011758417958311064	0.05024051309460182	0.07429182255478353	0.06787814003206841	0.01549973276322822	0.024051309460181722	0.0005344735435595938
H	0.03848209513629075	0.0010689470871191875	0.04703367183324426	0.026189203634420097	0.045430251202565476	0.020309994655264563	0.03955104222340994	0.028861571352218066	0.02779262426509888
I	0.07215392838054516	0.006413682522715126	0.12292891501870658	0.040619989310529125	0.04008551576696953	0.08337787279529664	0.06574024585783003	0.012827365045430252	0.034206306787814
K	0.05024051309460182	0	0.009620523784072688	0.022982362373062535	0.07589524318546231	0.040619989310529125	0.04917156600748263	0.014965259219668627	0.003206841261357563
L	0.06627471940138963	0.01549973276322822	0.11117049706039552	0.04863709246392304	0.04596472474612507	0.06680919294494922	0.11865312667022983	0.017103153393907	0.42116515232495993
M	0.011758417958311064	0.008017103153393906	0.05611972207375735	0.005344735435595938	0.04703367183324426	0.02084446819882416	0.02244788882950294	0.012292891501870658	0.09406734366648851
N	0.05344735435595938	0.0005344735435595938	0.046499198289684664	0.04436130411544629	0.042223409941207914	0.03099946552645644	0.06306787814003206	0.03099946552645644	0
P	0.0010689470871191875	0.0005344735435595938	0.19722073757349012	0.1122394441475147	0.042223409941207914	0.03687867450561197	0.017103153393907	0.039016568679850344	0
Q	0.018172100481026188	0	0.11865312667022983	0.02779262426509888	0.05772314270443613	0.02351683591662213	0.07161945483698556	0.04115446285408872	0
R	0.06467129877071084	0	0.00694815606627472	0.013361838588989846	0.06520577231427044	0.05611972207375735	0.07215392838054516	0.010689470871191877	0.002137894174238375
S	0.11170497060395511	0.0037413148049171567	0.02672367717797969	0.06520577231427044	0.08391234633885623	0.0603955104222341	0.10903260288615714	0.18653126670229825	0.0005344735435595938
T	0.04596472474612507	0.003206841261357563	0.018172100481026188	0.06627471940138963	0.06360235168359166	0.08070550507749866	0.10154997327632283	0.07642971672902191	0.0010689470871191875
V	0.1127739176910743	0.0074826296098343134	0.040619989310529125	0.04703367183324426	0.058257616247995726	0.1742383752004276	0.08284339925173703	0.07108498129342597	0.045430251202565476
W	0.002672367717797969	0.014430785676109033	0.004810261892036344	0.010154997327632281	0.008017103153393906	0.00427578834847675	0.002672367717797969	0.0037413148049171567	0.005344735435595938
Y	0.10261892036344201	0.5082843399251737	0.06574024585783003	0.02779262426509888	0.055050774986638164	0.019241047568145375	0.010689470871191877	0.025654730090860504	0.14751469802244788
s	0	0	0	0	0	0	0	0	0
t	0	0	0	0	0	0	0	0	0
y	0	0	0	0	0	0	0	0	0
