#		2014
	1	2	3	4	5	6	7	8	9
A	0.14051638530287985	0.005461767626613704	0.18768619662363456	0.06107249255213505	0.057100297914597815	0.014399205561072492	0.0903674280039722	0.08788480635551142	0.07795431976166832
C	0	0.0004965243296921549	0	0	0.0004965243296921549	0.0014895729890764648	0	0.0009930486593843098	0.0019860973187686196
D	0.0004965243296921549	0.0004965243296921549	0	0.15441906653426019	0.028798411122144985	0.0014895729890764648	0.014399205561072492	0.011420059582919563	0
E	0.0024826216484607746	0.0009930486593843098	0.0019860973187686196	0.19414101290963257	0.05362462760675273	0.006454816285998014	0.06405163853028799	0.12512413108242304	0.0004965243296921549
F	0.10824230387288977	0.0009930486593843098	0.05660377358490566	0.013406156901688183	0.05163853028798411	0.0253227408142999	0.010427010923535254	0.03277060575968222	0
G	0.05312810327706058	0	0.014399205561072492	0.0804369414101291	0.05561072492552135	0.01638530287984111	0.02135054617676266	0.06901688182720954	0.0009930486593843098
H	0.020854021847070508	0	0.03227408142999007	0.016881827209533268	0.07348560079443893	0.007447864945382324	0.03277060575968222	0.020854021847070508	0
I	0.054121151936444886	0.06405163853028799	0.105759682224429	0.013902681231380337	0.08540218470705065	0.22641509433962265	0.04716981132075472	0.010923535253227408	0.11221449851042702
K	0.07348560079443893	0	0.19314796425024827	0.04716981132075472	0.10625620655412116	0.006951340615690168	0.06107249255213505	0.07696127110228401	0.0014895729890764648
L	0.0749751737835154	0.7383316782522343	0.013406156901688183	0.025819265143992055	0.0913604766633565	0.29046673286991065	0.12711022840119166	0.039721946375372394	0.30486593843098314
M	0.01638530287984111	0.09185700099304867	0.024826216484607744	0.0019860973187686196	0.013406156901688183	0.016881827209533268	0.020854021847070508	0.014399205561072492	0.0024826216484607746
N	0.031777557100297914	0	0.05561072492552135	0.05312810327706058	0.0451837140019861	0.009433962264150943	0.03624627606752731	0.04965243296921549	0
P	0.0009930486593843098	0.0004965243296921549	0.018371400198609732	0.11767626613704071	0.01638530287984111	0.06703078450844091	0.04369414101290963	0.006951340615690168	0
Q	0.03028798411122145	0.02730883813306852	0.022343594836146972	0.04220456802383317	0.04865938430983118	0.014895729890764648	0.06653426017874876	0.09483614697120159	0
R	0.04568023833167825	0.0004965243296921549	0.0804369414101291	0.015888778550148957	0.07000993048659385	0.007944389275074478	0.07149950347567031	0.05610724925521351	0
S	0.13952333664349553	0.004468718967229395	0.07447864945382324	0.0814299900695134	0.052135054617676264	0.014895729890764648	0.09930486593843098	0.10923535253227408	0.0014895729890764648
T	0.06107249255213505	0.012909632571996028	0.02631578947368421	0.04568023833167825	0.03723932472691162	0.038232373386295926	0.09483614697120159	0.12363455809334657	0.003475670307845084
V	0.06802383316782522	0.05163853028798411	0.0451837140019861	0.02135054617676266	0.06901688182720954	0.22393247269116187	0.08887785501489573	0.036742800397219465	0.4925521350546177
W	0.003972194637537239	0	0.0004965243296921549	0.004965243296921549	0.011420059582919563	0.0004965243296921549	0.0014895729890764648	0.0029791459781529296	0
Y	0.07398212512413108	0	0.04667328699106256	0.008440913604766634	0.03277060575968222	0.009433962264150943	0.007944389275074478	0.029791459781529295	0
s	0	0	0	0	0	0	0	0	0
t	0	0	0	0	0	0	0	0	0
y	0	0	0	0	0	0	0	0	0
