#		2041
	1	2	3	4	5	6	7	8	9
A	0.1533561979421852	0.02645761881430671	0.12346888780009799	0.06369426751592357	0.0240078392944635	0.0720235178833905	0.01910828025477707	0.07839294463498285	0.0039196472317491425
C	0.006859382655560999	0.0034296913277804997	0.020578147966683	0.004899559039686428	0.006369426751592357	0.010779029887310143	0.0004899559039686428	0.006369426751592357	0.0004899559039686428
D	0.004899559039686428	0.004409603135717786	0.021558059774620286	0.1362077413032827	0.008819206271435572	0.0004899559039686428	0	0.006859382655560999	0
E	0.005879470847623714	0.0014698677119059284	0.006859382655560999	0.14159725624693778	0.04703576678098971	0.009309162175404213	0.0004899559039686428	0.06320431161195493	0.0019598236158745713
F	0.004409603135717786	0.0004899559039686428	0.08721215090641843	0.014698677119059285	0.06124448799608035	0.07398334149926507	0.06320431161195493	0.044585987261146494	0.004899559039686428
G	0.07153356197942186	0.0004899559039686428	0.008329250367466928	0.0950514453699167	0.02792748652621264	0.021068103870651642	0	0.03821656050955414	0
H	0.017638412542871143	0.0004899559039686428	0.030867221950024497	0.02645761881430671	0.096031357177854	0.011758941695247428	0.0034296913277804997	0.040666340029397355	0.21117099461048505
I	0.036256736893679566	0.08182263596276335	0.03478686918177364	0.008819206271435572	0.06124448799608035	0.1533561979421852	0.1499265066144047	0.029887310142087214	0.006369426751592357
K	0.21607055365017147	0.005879470847623714	0.010779029887310143	0.03968642822146007	0.1567858892699657	0.0240078392944635	0.0039196472317491425	0.08525232729054386	0.28662420382165604
L	0.033806957373836356	0.3606075453209211	0.13571778539931406	0.022048015678588925	0.0641842234198922	0.11268985791278785	0.6114649681528662	0.11562959333659971	0.016168544830965213
M	0.009309162175404213	0.04850563449289564	0.03576678098971093	0.004409603135717786	0.018618324350808426	0.022048015678588925	0.04262616364527193	0.016168544830965213	0
N	0.007349338559529643	0.005389514943655071	0.10681038706516413	0.0641842234198922	0.034296913277805	0.014208721215090642	0.0009799118079372856	0.03478686918177364	0.0019598236158745713
P	0.0004899559039686428	0.0004899559039686428	0.03968642822146007	0.0926016658500735	0.0019598236158745713	0.1087702106810387	0.007349338559529643	0.005879470847623714	0.002939735423811857
Q	0.03968642822146007	0.05046545810877021	0.010779029887310143	0.059284664380205784	0.06957373836354729	0.082312591866732	0.0171484566389025	0.0788829005389515	0.0039196472317491425
R	0.19304262616364526	0.007349338559529643	0.019598236158745713	0.028417442430181284	0.11170994610485056	0.014208721215090642	0.002939735423811857	0.06614404703576678	0.1807937285644292
S	0.09162175404213621	0.06271435570798628	0.10191082802547771	0.13424791768740812	0.050955414012738856	0.023027927486526212	0.005879470847623714	0.11954924056834886	0.0004899559039686428
T	0.039196472317491425	0.17197452229299362	0.02792748652621264	0.033806957373836356	0.046055854973052424	0.08770210681038706	0.006859382655560999	0.05438510534051935	0
V	0.06124448799608035	0.16266536011758942	0.01910828025477707	0.015188633023027927	0.0720235178833905	0.13767760901518863	0.043606075453209214	0.04507594316511514	0.021068103870651642
W	0.0004899559039686428	0.0004899559039686428	0.02449779519843214	0.006369426751592357	0.007839294463498285	0.002939735423811857	0	0.004409603135717786	0.0009799118079372856
Y	0.006859382655560999	0.004409603135717786	0.1337579617834395	0.008329250367466928	0.03331700146986771	0.017638412542871143	0.020578147966683	0.06565409113179814	0.2562469377756002
s	0	0	0	0	0	0	0	0	0
t	0	0	0	0	0	0	0	0	0
y	0	0	0	0	0	0	0	0	0
