#		1822
	1	2	3	4	5	6	7	8	9
A	0.07958287596048298	0.007135016465422613	0.038419319429198684	0.04720087815587267	0.041163556531284305	0.05543358946212953	0.04884742041712404	0.033479692645444564	0.0005488474204171241
C	0.012623490669593854	0	0.007135016465422613	0.003293084522502744	0.010976948408342482	0.005488474204171241	0.0060373216245883645	0.009330406147091108	0
D	0.012074643249176729	0.0010976948408342481	0.019209659714599342	0.150384193194292	0.043907793633369926	0.010428100987925357	0.02030735455543359	0.013721185510428101	0
E	0.05159165751920966	0.0005488474204171241	0.021953896816684963	0.10373216245883644	0.05104281009879254	0.013721185510428101	0.07628979143798024	0.08836443468715698	0
F	0.012623490669593854	0.14270032930845225	0.02854006586169045	0.011525795828759604	0.04006586169045005	0.10592755214050494	0.06476399560922064	0.027442371020856202	0.41602634467618005
G	0.012623490669593854	0.0038419319429198683	0.02854006586169045	0.06256860592755215	0.047749725576289793	0.03677277716794731	0.010428100987925357	0.02030735455543359	0
H	0.027991218441273325	0.0043907793633369925	0.017014270032930844	0.04226125137211855	0.04665203073545554	0.06421514818880351	0.09440175631174534	0.066410537870472	0
I	0.08177826564215149	0.009330406147091108	0.1597145993413831	0.01646542261251372	0.0845225027442371	0.08616904500548847	0.030186608122941824	0.018660812294182216	0.15422612513721184
K	0.1119648737650933	0	0.029088913282107574	0.08068057080131723	0.09989023051591657	0.04500548847420417	0.02579582875960483	0.11361141602634467	0.003293084522502744
L	0.052689352360043906	0.03128430296377607	0.21789242590559824	0.03238199780461032	0.059275521405049394	0.10592755214050494	0.08232711306256861	0.10318331503841932	0.3468715697036224
M	0.007683863885839737	0.011525795828759604	0.029088913282107574	0.005488474204171241	0.009879253567508232	0.022502744237102086	0.010976948408342482	0.015916575192096598	0.011525795828759604
N	0.043907793633369926	0	0.04500548847420417	0.052689352360043906	0.043907793633369926	0.031833150384193196	0.06750823271130625	0.04006586169045005	0.0005488474204171241
P	0.033479692645444564	0.001646542261251372	0.08836443468715698	0.1432491767288694	0.036223929747530186	0.06695938529088913	0.09330406147091108	0.001646542261251372	0
Q	0.031833150384193196	0.012074643249176729	0.04445664105378705	0.03787047200878156	0.04610318331503842	0.0433589462129528	0.07354555433589462	0.06970362239297476	0.0005488474204171241
R	0.1026344676180022	0.0038419319429198683	0.0043907793633369925	0.030186608122941824	0.052689352360043906	0.030186608122941824	0.03238199780461032	0.09604829857299671	0
S	0.07793633369923161	0.0021953896816684962	0.049945115257958285	0.07354555433589462	0.048298572996706916	0.045554335894621295	0.047749725576289793	0.06750823271130625	0.0005488474204171241
T	0.06311745334796927	0.0043907793633369925	0.052689352360043906	0.0570801317233809	0.052689352360043906	0.07464324917672886	0.07025246981339188	0.11745334796926454	0.001646542261251372
V	0.14270032930845225	0.004939626783754116	0.09330406147091108	0.022502744237102086	0.13556531284302964	0.10428100987925357	0.06037321624588365	0.05872667398463227	0.010976948408342482
W	0	0.021953896816684963	0.0027442371020856204	0.00823271130625686	0.01646542261251372	0.015367727771679473	0.014270032930845226	0.001646542261251372	0.0433589462129528
Y	0.041163556531284305	0.7371020856201976	0.022502744237102086	0.018660812294182216	0.03293084522502744	0.036223929747530186	0.07025246981339188	0.03677277716794731	0.009879253567508232
s	0	0	0	0	0	0	0	0	0
t	0	0	0	0	0	0	0	0	0
y	0	0	0	0	0	0	0	0	0
