#		146
	1	2	3	4	5	6	7	8	9
A	0.0136986301369863	0.03424657534246575	0.0410958904109589	0.04794520547945205	0.03424657534246575	0.0273972602739726	0.0410958904109589	0.0410958904109589	0
C	0	0	0.02054794520547945	0.00684931506849315	0	0.00684931506849315	0	0	0
D	0.02054794520547945	0	0	0.0821917808219178	0.02054794520547945	0	0	0.00684931506849315	0
E	0.0136986301369863	0.00684931506849315	0	0.136986301369863	0.0273972602739726	0	0.0136986301369863	0.0958904109589041	0
F	0.0136986301369863	0.11643835616438356	0.02054794520547945	0.03424657534246575	0.1095890410958904	0.2534246575342466	0.136986301369863	0.06164383561643835	0.4657534246575342
G	0	0.00684931506849315	0.0273972602739726	0.10273972602739725	0.07534246575342465	0.04794520547945205	0	0.00684931506849315	0
H	0.00684931506849315	0	0	0.02054794520547945	0.0547945205479452	0.07534246575342465	0.0821917808219178	0.0821917808219178	0
I	0.13013698630136986	0.0136986301369863	0.0273972602739726	0.0273972602739726	0.04794520547945205	0	0	0.00684931506849315	0.06164383561643835
K	0.1095890410958904	0	0	0.0410958904109589	0.1506849315068493	0.00684931506849315	0.04794520547945205	0.06164383561643835	0
L	0.1095890410958904	0.2602739726027397	0.00684931506849315	0.0547945205479452	0.03424657534246575	0.13013698630136986	0.2191780821917808	0.17123287671232876	0.3972602739726027
M	0.02054794520547945	0.06164383561643835	0	0	0	0.00684931506849315	0	0.00684931506849315	0.00684931506849315
N	0.02054794520547945	0	0	0.0547945205479452	0.0547945205479452	0.0273972602739726	0.0410958904109589	0.00684931506849315	0
P	0.0136986301369863	0	0.6986301369863014	0.07534246575342465	0.10273972602739725	0.0821917808219178	0.18493150684931506	0.00684931506849315	0
Q	0.03424657534246575	0	0	0.03424657534246575	0.00684931506849315	0.04794520547945205	0.0273972602739726	0.03424657534246575	0
R	0.0684931506849315	0	0	0.02054794520547945	0.0684931506849315	0.0136986301369863	0.00684931506849315	0.0684931506849315	0
S	0.07534246575342465	0.02054794520547945	0.06164383561643835	0.11643835616438356	0.0547945205479452	0.0547945205479452	0.0273972602739726	0.14383561643835616	0
T	0.04794520547945205	0.0136986301369863	0	0.0547945205479452	0.0547945205479452	0.1232876712328767	0.02054794520547945	0.0958904109589041	0
V	0.23972602739726026	0.0136986301369863	0.0958904109589041	0.0410958904109589	0.0684931506849315	0.03424657534246575	0.06164383561643835	0.08904109589041095	0
W	0	0.0410958904109589	0	0.0273972602739726	0	0.0136986301369863	0	0	0.06164383561643835
Y	0.06164383561643835	0.410958904109589	0	0.02054794520547945	0.03424657534246575	0.04794520547945205	0.08904109589041095	0.0136986301369863	0.00684931506849315
s	0	0	0	0	0	0	0	0	0
t	0	0	0	0	0	0	0	0	0
y	0	0	0	0	0	0	0	0	0
