#		1436
	1	2	3	4	5	6	7	8	9
A	0.02437325905292479	0.04874651810584958	0.11420612813370473	0.055710306406685235	0.06963788300835655	0.02437325905292479	0.0967966573816156	0.0967966573816156	0.0006963788300835655
C	0.0006963788300835655	0	0.0020891364902506965	0.001392757660167131	0.003481894150417827	0.002785515320334262	0.009052924791086351	0.00766016713091922	0.0006963788300835655
D	0.20403899721448468	0.001392757660167131	0.0020891364902506965	0.14763231197771587	0.034122562674094706	0.0020891364902506965	0.019498607242339833	0.011142061281337047	0.001392757660167131
E	0.5292479108635098	0.003481894150417827	0.0006963788300835655	0.16782729805013927	0.07311977715877438	0.002785515320334262	0.06685236768802229	0.09958217270194986	0.0006963788300835655
F	0.018105849582172703	0.0006963788300835655	0.0201949860724234	0.011838440111420613	0.033426183844011144	0.10167130919220056	0.010445682451253482	0.006267409470752089	0.298050139275766
G	0.013231197771587743	0.0020891364902506965	0.005571030640668524	0.0947075208913649	0.056406685236768804	0.04108635097493036	0.06406685236768803	0.07590529247910864	0.003481894150417827
H	0.04317548746518106	0	0.0201949860724234	0.018105849582172703	0.04387186629526462	0.017409470752089137	0.034122562674094706	0.035515320334261836	0.0006963788300835655
I	0.008356545961002786	0.10515320334261838	0.27019498607242337	0.012534818941504178	0.04526462395543175	0.217966573816156	0.025069637883008356	0.016016713091922007	0.05501392757660167
K	0.0020891364902506965	0	0.11142061281337047	0.07590529247910864	0.12395543175487465	0.004178272980501393	0.04735376044568245	0.07381615598885793	0
L	0.0020891364902506965	0.06963788300835655	0.02158774373259053	0.018105849582172703	0.04805013927576602	0.15041782729805014	0.10863509749303621	0.022284122562674095	0.16364902506963788
M	0.016016713091922007	0.002785515320334262	0.035515320334261836	0.004874651810584958	0.012534818941504178	0.04317548746518106	0.028551532033426183	0.012534818941504178	0.006963788300835654
N	0.019498607242339833	0.008356545961002786	0.023676880222841225	0.026462395543175487	0.04874651810584958	0.011142061281337047	0.04805013927576602	0.032729805013927575	0
P	0.001392757660167131	0.006963788300835654	0.057799442896935935	0.06685236768802229	0.052924791086350974	0.00766016713091922	0.057799442896935935	0.006963788300835654	0
Q	0.009749303621169917	0.008356545961002786	0.027855153203342618	0.06476323119777158	0.05222841225626741	0.009052924791086351	0.07172701949860724	0.0786908077994429	0.002785515320334262
R	0	0	0.026462395543175487	0.04665738161559889	0.0905292479108635	0.02158774373259053	0.05501392757660167	0.032729805013927575	0
S	0.05362116991643454	0.03203342618384401	0.033426183844011144	0.08426183844011143	0.0807799442896936	0.03969359331476323	0.14415041782729804	0.23607242339832868	0.006963788300835654
T	0.027158774373259052	0.2416434540389972	0.056406685236768804	0.06406685236768803	0.057103064066852366	0.07242339832869081	0.07103064066852367	0.10584958217270195	0.004874651810584958
V	0.006267409470752089	0.467966573816156	0.15877437325905291	0.026462395543175487	0.04805013927576602	0.12534818941504178	0.027158774373259052	0.04178272980501393	0.009052924791086351
W	0.001392757660167131	0	0.0006963788300835655	0.006963788300835654	0.0020891364902506965	0.001392757660167131	0.004178272980501393	0.0006963788300835655	0.2646239554317549
Y	0.019498607242339833	0.0006963788300835655	0.011142061281337047	0.004874651810584958	0.023676880222841225	0.10376044568245125	0.010445682451253482	0.006963788300835654	0.18036211699164345
s	0	0	0	0	0	0	0	0	0
t	0	0	0	0	0	0	0	0	0
y	0	0	0	0	0	0	0	0	0
