#		1220
	1	2	3	4	5	6	7	8	9
A	0.08934426229508197	0.07131147540983607	0.09016393442622951	0.06229508196721312	0.04016393442622951	0.09180327868852459	0.05819672131147541	0.05901639344262295	0.000819672131147541
C	0	0.002459016393442623	0.000819672131147541	0.001639344262295082	0.000819672131147541	0.00819672131147541	0.000819672131147541	0.002459016393442623	0
D	0.006557377049180328	0.003278688524590164	0.04262295081967213	0.15901639344262294	0.03114754098360656	0.018032786885245903	0.013934426229508197	0.018032786885245903	0
E	0.005737704918032787	0.01557377049180328	0.018852459016393444	0.11721311475409836	0.04016393442622951	0.013934426229508197	0.027868852459016394	0.09180327868852459	0.001639344262295082
F	0.08278688524590164	0.15081967213114755	0.07540983606557378	0.02459016393442623	0.05573770491803279	0.0959016393442623	0.0959016393442623	0.05327868852459016	0.05573770491803279
G	0.08114754098360656	0.013114754098360656	0.03360655737704918	0.10163934426229508	0.045081967213114756	0.06475409836065574	0.01721311475409836	0.036065573770491806	0.001639344262295082
H	0.04426229508196721	0.003278688524590164	0.03770491803278689	0.04344262295081967	0.031967213114754096	0.05327868852459016	0.036885245901639344	0.04918032786885246	0.003278688524590164
I	0.07459016393442623	0.09016393442622951	0.07049180327868852	0.01557377049180328	0.12131147540983607	0.05	0.04344262295081967	0.021311475409836064	0.001639344262295082
K	0.05245901639344262	0.000819672131147541	0.02622950819672131	0.04262295081967213	0.0680327868852459	0.02622950819672131	0	0.09016393442622951	0.004918032786885246
L	0.06393442622950819	0.16967213114754098	0.17459016393442622	0.022131147540983605	0.14016393442622951	0.07950819672131147	0.42131147540983604	0.16393442622950818	0.00819672131147541
M	0.021311475409836064	0.03770491803278689	0.02459016393442623	0.009836065573770493	0.023770491803278688	0.01639344262295082	0.013114754098360656	0.01721311475409836	0.004098360655737705
N	0.040983606557377046	0.02459016393442623	0.06311475409836066	0.05901639344262295	0.020491803278688523	0.04180327868852459	0.013934426229508197	0.03114754098360656	0.002459016393442623
P	0.002459016393442623	0.005737704918032787	0.029508196721311476	0.10163934426229508	0.03360655737704918	0.08114754098360656	0.022131147540983605	0.005737704918032787	0
Q	0.04180327868852459	0.01721311475409836	0.01639344262295082	0.05573770491803279	0.045081967213114756	0.07377049180327869	0.028688524590163935	0.04672131147540984	0.001639344262295082
R	0.022950819672131147	0.006557377049180328	0.013114754098360656	0.018852459016393444	0.05327868852459016	0.04180327868852459	0.02622950819672131	0.08032786885245902	0.006557377049180328
S	0.11885245901639344	0.036065573770491806	0.10327868852459017	0.08934426229508197	0.040983606557377046	0.07377049180327869	0.021311475409836064	0.06557377049180328	0.000819672131147541
T	0.06967213114754098	0.09262295081967213	0.05245901639344262	0.04344262295081967	0.04672131147540984	0.051639344262295085	0.02622950819672131	0.06393442622950819	0.000819672131147541
V	0.08278688524590164	0.17459016393442622	0.03278688524590164	0.013934426229508197	0.11721311475409836	0.07295081967213114	0.038524590163934426	0.03934426229508197	0
W	0.007377049180327869	0.01639344262295082	0.014754098360655738	0.003278688524590164	0.005737704918032787	0.004098360655737705	0.01721311475409836	0.002459016393442623	0.007377049180327869
Y	0.09098360655737706	0.0680327868852459	0.07950819672131147	0.014754098360655738	0.038524590163934426	0.040983606557377046	0.07704918032786885	0.06229508196721312	0.898360655737705
s	0	0	0	0	0	0	0	0	0
t	0	0	0	0	0	0	0	0	0
y	0	0	0	0	0	0	0	0	0
