#		540
	1	2	3	4	5	6	7	8	9
A	0.1537037037037037	0.11481481481481481	0.053703703703703705	0.044444444444444446	0.10925925925925926	0.08148148148148149	0.044444444444444446	0.13703703703703704	0.04814814814814815
C	0	0	0	0	0.001851851851851852	0	0	0.011111111111111112	0
D	0.003703703703703704	0.001851851851851852	0	0.018518518518518517	0.024074074074074074	0.007407407407407408	0.001851851851851852	0.007407407407407408	0.001851851851851852
E	0.005555555555555556	0.001851851851851852	0	0.046296296296296294	0.03518518518518519	0.014814814814814815	0.022222222222222223	0.03888888888888889	0.001851851851851852
F	0.016666666666666666	0.05555555555555555	0.04259259259259259	0.020370370370370372	0.007407407407407408	0.007407407407407408	0.03333333333333333	0.037037037037037035	0.003703703703703704
G	0.05925925925925926	0.040740740740740744	0.022222222222222223	0.11481481481481481	0.07777777777777778	0.1537037037037037	0.011111111111111112	0.06666666666666667	0
H	0.04259259259259259	0.001851851851851852	0.09259259259259259	0.007407407407407408	0.018518518518518517	0.018518518518518517	0.020370370370370372	0.016666666666666666	0.001851851851851852
I	0.040740740740740744	0.06666666666666667	0.03888888888888889	0.05925925925925926	0.014814814814814815	0	0.05925925925925926	0.014814814814814815	0.025925925925925925
K	0.1537037037037037	0.005555555555555556	0.06851851851851852	0.05185185185185185	0.037037037037037035	0.04814814814814815	0.014814814814814815	0.020370370370370372	0.5055555555555555
L	0.03888888888888889	0.06481481481481481	0.044444444444444446	0.06666666666666667	0.020370370370370372	0.018518518518518517	0.08518518518518518	0.10555555555555556	0.22592592592592592
M	0.009259259259259259	0.02962962962962963	0.003703703703703704	0.007407407407407408	0.005555555555555556	0.003703703703703704	0.014814814814814815	0.009259259259259259	0.03518518518518519
N	0.024074074074074074	0.003703703703703704	0.022222222222222223	0.012962962962962963	0.03333333333333333	0.03888888888888889	0.001851851851851852	0.03518518518518519	0.003703703703703704
P	0.012962962962962963	0.007407407407407408	0.08518518518518518	0.2851851851851852	0.3611111111111111	0.14814814814814814	0.45185185185185184	0.15555555555555556	0.003703703703703704
Q	0.03888888888888889	0.05	0.037037037037037035	0.04814814814814815	0.024074074074074074	0.014814814814814815	0.011111111111111112	0.053703703703703705	0
R	0.10740740740740741	0.007407407407407408	0.3537037037037037	0.03148148148148148	0.022222222222222223	0.17407407407407408	0.016666666666666666	0.020370370370370372	0.037037037037037035
S	0.15	0.1574074074074074	0.05	0.06481481481481481	0.1037037037037037	0.19444444444444445	0.04814814814814815	0.13333333333333333	0.007407407407407408
T	0.05740740740740741	0.16111111111111112	0.009259259259259259	0.037037037037037035	0.04814814814814815	0.05740740740740741	0.027777777777777776	0.04814814814814815	0.001851851851851852
V	0.07962962962962963	0.18888888888888888	0.04814814814814815	0.044444444444444446	0.044444444444444446	0.016666666666666666	0.11481481481481481	0.05740740740740741	0.06666666666666667
W	0	0.012962962962962963	0	0.014814814814814815	0.001851851851851852	0.001851851851851852	0.005555555555555556	0.012962962962962963	0
Y	0.005555555555555556	0.027777777777777776	0.027777777777777776	0.024074074074074074	0.009259259259259259	0	0.014814814814814815	0.018518518518518517	0.02962962962962963
s	0	0	0	0	0	0	0	0	0
t	0	0	0	0	0	0	0	0	0
y	0	0	0	0	0	0	0	0	0
