#		2107
	1	2	3	4	5	6	7	8	9
A	0.06976744186046512	0.20170859041290934	0.3260560037968676	0.13099193165638348	0.10109159943046986	0.11960132890365449	0.1461794019933555	0.08970099667774087	0.00047460844803037496
C	0.00047460844803037496	0.0037968675842429997	0.0037968675842429997	0.00047460844803037496	0.0018984337921214998	0.0028476506881822496	0.004746084480303749	0.009017560512577124	0.0009492168960607499
D	0.10393925011865211	0.018984337921214997	0.00854295206454675	0.08970099667774087	0.00047460844803037496	0.021357380161366873	0.010915994304698624	0.006644518272425249	0
E	0.12719506407214048	0.0014238253440911248	0.009492168960607499	0.07356430944470811	0.011865211200759373	0.036544850498338874	0.026578073089700997	0.041765543426673	0
F	0.04034171808258187	0.0033222591362126247	0	0.017560512577123873	0.029425723777883245	0.04935927859515899	0.012814428096820124	0.011865211200759373	0.004271476032273375
G	0.034171808258187	0.03132415757000474	0.083531086853346	0.12292358803986711	0.045087802562885616	0.0702420503084955	0.01945894636924537	0.05030849549121975	0.0009492168960607499
H	0.07214048410061699	0.0009492168960607499	0.009017560512577124	0.012339819648789748	0.005220692928334125	0.03132415757000474	0.04793545325106787	0.03369719981015662	0.005695301376364499
I	0.028476506881822496	0.045087802562885616	0.028476506881822496	0.012339819648789748	0.1476032273374466	0.08495491219743712	0.08210726150925486	0.02040816326530612	0.0014238253440911248
K	0.0033222591362126247	0.00047460844803037496	0.0018984337921214998	0.017560512577123873	0.0018984337921214998	0.019933554817275746	0.045562411010915994	0.08780256288561937	0.1551969625059326
L	0.030374940673943997	0.029425723777883245	0.0037968675842429997	0.05695301376364499	0.12007593735168486	0.05695301376364499	0.053630754627432366	0.08970099667774087	0.009492168960607499
M	0.014238253440911248	0.0018984337921214998	0.0037968675842429997	0.009966777408637873	0.009017560512577124	0.01945894636924537	0.008068343616516375	0.011390602752728999	0.00047460844803037496
N	0.05932605600379687	0.022306597057427623	0.017560512577123873	0.036544850498338874	0.009492168960607499	0.034171808258187	0.036070242050308496	0.045562411010915994	0
P	0.0037968675842429997	0.04413858566682487	0.030374940673943997	0.14238253440911247	0.09492168960607499	0.03749406739439962	0.03322259136212625	0.07403891789273849	0.0023730422401518746
Q	0.037968675842429994	0.0037968675842429997	0.004746084480303749	0.04081632653061224	0.013289036544850499	0.045087802562885616	0.03749406739439962	0.10536307546274323	0.0009492168960607499
R	0.006644518272425249	0.005220692928334125	0	0.011390602752728999	0.0208827717133365	0.01566207878500237	0.05600379686758424	0.06027527289985762	0.7944945420028476
S	0.16801139060275272	0.1836734693877551	0.27005220692928333	0.12482202183198861	0.07166587565258661	0.08827717133364973	0.11248220218319886	0.09159943046986237	0
T	0.14143331751305174	0.20408163265306123	0.09871855719031798	0.053156146179401995	0.06786900806834362	0.09159943046986237	0.09444708115804461	0.07925961082107262	0.00047460844803037496
V	0.03939250118652112	0.19838633127669672	0.09871855719031798	0.036070242050308496	0.24727100142382535	0.1551969625059326	0.15424774560987187	0.07261509254864737	0.0028476506881822496
W	0	0	0.0009492168960607499	0.0037968675842429997	0.00047460844803037496	0.0023730422401518746	0.004271476032273375	0.0014238253440911248	0.00047460844803037496
Y	0.018984337921214997	0	0.00047460844803037496	0.006644518272425249	0.00047460844803037496	0.017560512577123873	0.013763644992880873	0.017560512577123873	0.01945894636924537
s	0	0	0	0	0	0	0	0	0
t	0	0	0	0	0	0	0	0	0
y	0	0	0	0	0	0	0	0	0
