#		2665
	1	2	3	4	5	6	7	8	9
A	0.010131332082551596	0.1598499061913696	0.11632270168855535	0.054409005628517824	0.05028142589118199	0.0900562851782364	0.07091932457786117	0.05778611632270169	0.000375234521575985
C	0.00300187617260788	0.00525328330206379	0.004878048780487805	0.001876172607879925	0.004127579737335835	0.00375234521575985	0.00600375234521576	0.00300187617260788	0
D	0.20150093808630393	0.002626641651031895	0.007879924953095686	0.08480300187617261	0.04878048780487805	0.014634146341463415	0.015384615384615385	0.010881801125703566	0.00075046904315197
E	0.42626641651031894	0.00300187617260788	0.03564727954971857	0.11669793621013133	0.075046904315197	0.0375234521575985	0.03902439024390244	0.10168855534709194	0
F	0.02776735459662289	0.001125703564727955	0.1200750469043152	0.02401500938086304	0.03902439024390244	0.06078799249530957	0.04727954971857411	0.025140712945590993	0.00075046904315197
G	0.00675422138836773	0.00600375234521576	0.01350844277673546	0.07842401500938086	0.09305816135084428	0.060412757973733584	0.026641651031894933	0.06341463414634146	0.00075046904315197
H	0.02476547842401501	0	0.03527204502814259	0.02701688555347092	0.0300187617260788	0.012382739212007506	0.030393996247654785	0.01951219512195122	0.001125703564727955
I	0.012382739212007506	0.08968105065666042	0.1624765478424015	0.030393996247654785	0.07204502814258912	0.11782363977485928	0.10956848030018762	0.01125703564727955	0.00075046904315197
K	0.00075046904315197	0	0.028893058161350845	0.09831144465290807	0.08705440900562852	0.05103189493433396	0.05853658536585366	0.11707317073170732	0.2168855534709193
L	0.01425891181988743	0.06641651031894934	0.03414634146341464	0.03977485928705441	0.06378986866791744	0.0803001876172608	0.08180112570356472	0.10168855534709194	0.002626641651031895
M	0.0075046904315197	0.004127579737335835	0.025891181988742965	0.003377110694183865	0.00900562851782364	0.01425891181988743	0.023639774859287054	0.019887429643527205	0.001125703564727955
N	0.06679174484052533	0.011632270168855536	0.05891181988742964	0.04878048780487805	0.06641651031894934	0.025140712945590993	0.0450281425891182	0.055159474671669796	0
P	0	0.00900562851782364	0.02401500938086304	0.054409005628517824	0.06641651031894934	0.08067542213883677	0.021388367729831145	0.02776735459662289	0
Q	0.021388367729831145	0.005628517823639775	0.0450281425891182	0.06791744840525328	0.06716697936210131	0.06078799249530957	0.06941838649155722	0.09868667917448405	0.00075046904315197
R	0.00075046904315197	0.002626641651031895	0.00375234521575985	0.06266416510318949	0.021388367729831145	0.014634146341463415	0.05478424015009381	0.07392120075046904	0.7621013133208255
S	0.07129455909943715	0.09193245778611632	0.05590994371482176	0.09643527204502814	0.08217636022514072	0.05928705440900563	0.045403377110694185	0.07954971857410882	0.00225140712945591
T	0.07692307692307693	0.2525328330206379	0.04127579737335835	0.049906191369606	0.04427767354596623	0.07129455909943715	0.0776735459662289	0.0776735459662289	0
V	0.00900562851782364	0.28780487804878047	0.13283302063789867	0.030393996247654785	0.04878048780487805	0.12270168855534709	0.14709193245778612	0.03189493433395872	0
W	0.00375234521575985	0	0.008630393996247656	0.004127579737335835	0.004127579737335835	0.00675422138836773	0.004878048780487805	0	0
Y	0.0150093808630394	0.00075046904315197	0.04465290806754221	0.02626641651031895	0.02701688555347092	0.01575984990619137	0.025140712945590993	0.02401500938086304	0.00975609756097561
s	0	0	0	0	0	0	0	0	0
t	0	0	0	0	0	0	0	0	0
y	0	0	0	0	0	0	0	0	0
