#		2359
	1	2	3	4	5	6	7	8	9
A	0.11911827045358203	0.007630351844001695	0.10640101738024586	0.07079270877490462	0.05002119542178889	0.05341246290801187	0.04747774480712166	0.052988554472233995	0
C	0	0	0.024162780839338704	0.005510809665112336	0.009749894022891056	0.008902077151335312	0.009325985587113183	0.011445527766002543	0.001271725307333616
D	0.000847816871555744	0.001271725307333616	0.1665960152607037	0.08902077151335312	0.0847816871555744	0.09919457397202204	0.0953793980500212	0.0211954217888936	0
E	0.00635862653666808	0.010173802458668928	0.057227638830012716	0.14752013565069944	0.13522679101314117	0.16447647308181432	0.19118270453582026	0.07672742687579483	0
F	0.027130139889783807	0	0.054684188215345486	0.022891055532005086	0.02755404832556168	0.0423908435777872	0.027130139889783807	0.03009749894022891	0.16913946587537093
G	0.06189063162356931	0.001695633743111488	0.016532428995337006	0.06697753285290377	0.06697753285290377	0.047901653242899536	0.008054260279779568	0.0453582026282323	0.000423908435777872
H	0.06994489190334888	0.000847816871555744	0.04281475201356507	0.027977956761339552	0.022891055532005086	0.026706231454005934	0.057227638830012716	0.0453582026282323	0
I	0.0317931326833404	0.0907164052564646	0.07503179313268334	0.03221704111911827	0.08139041966935143	0.06782534972445951	0.04323866044934294	0.01907587961000424	0.2191606612971598
K	0.1437049597286986	0	0.0072064434082238235	0.08266214497668503	0.054684188215345486	0.06104281475201356	0.01526070368800339	0.13353115727002968	0.00211954217888936
L	0.03730394234845273	0.3526918185671895	0.05637982195845697	0.04578211106401017	0.09961848240779991	0.051716829164900384	0.1254768969902501	0.10852055955913523	0.4306909707503179
M	0.005510809665112336	0.040695209834675714	0.02373887240356083	0.008902077151335312	0.01314116150911403	0.013988978380669776	0.01314116150911403	0.011445527766002543	0.03688003391267486
N	0.003391267486222976	0.00211954217888936	0.030945315811784654	0.04578211106401017	0.020771513353115726	0.030945315811784654	0.0317931326833404	0.03603221704111912	0.000423908435777872
P	0	0.000423908435777872	0.019923696481559984	0.0877490462060195	0.035184400169563375	0.04281475201356507	0.04408647732089869	0.002967359050445104	0
Q	0.028825773632895294	0.39889783806697754	0.05214073760067826	0.061466723187791436	0.03052140737600678	0.05637982195845697	0.07164052564646037	0.0665536244171259	0.000847816871555744
R	0.3391267486222976	0.000423908435777872	0.005934718100890208	0.04281475201356507	0.022467147096227214	0.035184400169563375	0.020347604917337857	0.10470538363713437	0.000423908435777872
S	0.05383637134378974	0.009325985587113183	0.1165748198389148	0.06782534972445951	0.05553200508690123	0.04323866044934294	0.0453582026282323	0.07376006782534972	0
T	0.015684612123781264	0.011445527766002543	0.03984739296311997	0.0317931326833404	0.05977108944467995	0.04154302670623145	0.03857566765578635	0.07418397626112759	0
V	0.022467147096227214	0.0712166172106825	0.061466723187791436	0.04323866044934294	0.10216193302246715	0.0830860534124629	0.07460788469690546	0.05637982195845697	0.018651971174226366
W	0.0038151759220008477	0	0.009749894022891056	0.007630351844001695	0.00423908435777872	0.001695633743111488	0.009749894022891056	0.00211954217888936	0.11827045358202629
Y	0.029249682068673167	0.000423908435777872	0.032640949554896145	0.011445527766002543	0.02331496396778296	0.02755404832556168	0.030945315811784654	0.02755404832556168	0.001695633743111488
s	0	0	0	0	0	0	0	0	0
t	0	0	0	0	0	0	0	0	0
y	0	0	0	0	0	0	0	0	0
