#		1078
	1	2	3	4	5	6	7	8	9
A	0.021335807050092765	0.05102040816326531	0.026901669758812616	0.07421150278293136	0.059369202226345084	0.05194805194805195	0.06493506493506493	0.1456400742115028	0.041743970315398886
C	0.006493506493506494	0.0037105751391465678	0.012987012987012988	0.0027829313543599257	0.0074211502782931356	0.0037105751391465678	0.006493506493506494	0.016697588126159554	0.012059369202226345
D	0.21057513914656772	0.0018552875695732839	0.017625231910946195	0.0862708719851577	0.04359925788497217	0.012059369202226345	0.016697588126159554	0.012059369202226345	0.0009276437847866419
E	0.07977736549165121	0.03153988868274583	0.01855287569573284	0.07050092764378478	0.04730983302411874	0.04081632653061224	0.061224489795918366	0.10111317254174397	0
F	0.026901669758812616	0	0.18831168831168832	0.021335807050092765	0.04730983302411874	0.03432282003710575	0.036178107606679034	0.012059369202226345	0.03432282003710575
G	0.027829313543599257	0.015769944341372914	0.01020408163265306	0.07977736549165121	0.13821892393320964	0.05287569573283859	0.023191094619666047	0.025974025974025976	0
H	0.021335807050092765	0.0037105751391465678	0.03432282003710575	0.03153988868274583	0.05102040816326531	0.05844155844155844	0.03432282003710575	0.017625231910946195	0.0018552875695732839
I	0.036178107606679034	0.0037105751391465678	0.08719851576994433	0.041743970315398886	0.04081632653061224	0.04452690166975881	0.05658627087198516	0.03153988868274583	0.05844155844155844
K	0.017625231910946195	0.008348794063079777	0.00927643784786642	0.061224489795918366	0.09276437847866419	0.04730983302411874	0.04267161410018553	0.039888682745825604	0
L	0.07699443413729128	0.0018552875695732839	0.17717996289424862	0.137291280148423	0.05473098330241188	0.04823747680890538	0.19109461966604824	0.05473098330241188	0.6697588126159555
M	0.045454545454545456	0	0.01948051948051948	0.011131725417439703	0.014842300556586271	0.012987012987012988	0.02040816326530612	0.008348794063079777	0.03525046382189239
N	0.1326530612244898	0.01020408163265306	0.01855287569573284	0.021335807050092765	0.03896103896103896	0.03525046382189239	0.04638218923933209	0.01855287569573284	0.0018552875695732839
P	0	0.0018552875695732839	0.02040816326530612	0.11595547309833024	0.038033395176252316	0.05473098330241188	0.05473098330241188	0.026901669758812616	0.0074211502782931356
Q	0.030612244897959183	0.05380333951762523	0.01020408163265306	0.04638218923933209	0.05102040816326531	0.04638218923933209	0.05194805194805195	0.07328385899814471	0.0009276437847866419
R	0.011131725417439703	0.7903525046382189	0.0027829313543599257	0.027829313543599257	0.08719851576994433	0.24304267161410018	0.06957328385899815	0.038033395176252316	0.0018552875695732839
S	0.07606679035250463	0.012059369202226345	0.014842300556586271	0.08905380333951762	0.0686456400742115	0.07884972170686456	0.0862708719851577	0.1725417439703154	0.0009276437847866419
T	0.059369202226345084	0.0009276437847866419	0.01855287569573284	0.03339517625231911	0.045454545454545456	0.045454545454545456	0.06586270871985157	0.0862708719851577	0.012059369202226345
V	0.04916512059369202	0.00927643784786642	0.06679035250463822	0.027829313543599257	0.038033395176252316	0.06771799628942486	0.0575139146567718	0.10296846011131726	0.11688311688311688
W	0.00463821892393321	0	0.01855287569573284	0.00463821892393321	0.016697588126159554	0.0037105751391465678	0	0	0.0018552875695732839
Y	0.06586270871985157	0	0.22727272727272727	0.015769944341372914	0.01855287569573284	0.017625231910946195	0.013914656771799629	0.015769944341372914	0.0018552875695732839
s	0	0	0	0	0	0	0	0	0
t	0	0	0	0	0	0	0	0	0
y	0	0	0	0	0	0	0	0	0
