#		1639
	1	2	3	4	5	6	7	8	9
A	0.018303843807199512	0.04942037827943868	0.1366687004270897	0.057962172056131786	0.0787065283709579	0.051250762660158634	0.05979255643685174	0.14582062233068943	0.0006101281269066504
C	0.006711409395973154	0.007321537522879805	0.008541793776693106	0.004881025015253203	0.004881025015253203	0.007321537522879805	0.005491153142159854	0.012202562538133009	0
D	0.087248322147651	0.0006101281269066504	0.013422818791946308	0.10372178157413056	0.02928615009151922	0.053691275167785234	0.008541793776693106	0.011592434411226357	0
E	0.0860280658938377	0.004270896888346553	0.013422818791946308	0.1403294691885296	0.07077486272117145	0.04820012202562538	0.06711409395973154	0.12202562538133008	0
F	0.09762050030506407	0.018913971934106162	0.07199511897498474	0.018913971934106162	0.05491153142159853	0.039048200122025624	0.01525320317266626	0.010372178157413058	0.24161073825503357
G	0.007321537522879805	0.0024405125076266015	0.018913971934106162	0.051250762660158634	0.0677242220866382	0.10555216595485052	0.014032946918852958	0.021964612568639415	0.0006101281269066504
H	0.09762050030506407	0.003050640634533252	0.04820012202562538	0.022574740695546065	0.07077486272117145	0.05613178767541183	0.04575960951799878	0.017083587553386213	0.0012202562538133007
I	0.03599755948749237	0.10372178157413056	0.05430140329469189	0.03294691885295912	0.04758999389871873	0.07687614399023796	0.07565588773642465	0.034167175106772425	0.0018303843807199512
K	0.0006101281269066504	0	0.056741915802318486	0.07199511897498474	0.04514948139109213	0.04942037827943868	0.03721781574130567	0.048810250152532035	0.0006101281269066504
L	0.042098840756558877	0.37583892617449666	0.06040268456375839	0.05186089078706528	0.06406345332519829	0.06955460646735814	0.10067114093959731	0.040268456375838924	0.05552165954850519
M	0.06345332519829164	0.06406345332519829	0.043319097010372176	0.007931665649786455	0.005491153142159854	0.011592434411226357	0.017693715680292862	0.011592434411226357	0.08236729713239781
N	0.06711409395973154	0	0.039048200122025624	0.02867602196461257	0.03965832824893228	0.02989627821842587	0.04392922513727883	0.010982306284319707	0
P	0	0.06894447834045149	0.010372178157413058	0.1610738255033557	0.10982306284319707	0.03050640634533252	0.050030506406345335	0.023794996949359364	0
Q	0.03721781574130567	0.10311165344722392	0.009762050030506406	0.05552165954850519	0.04697986577181208	0.052471018913971934	0.06650396583282489	0.07199511897498474	0
R	0.005491153142159854	0	0.14338010982306285	0.03721781574130567	0.03599755948749237	0.044539353264185476	0.04942037827943868	0.028065893837705917	0
S	0.10982306284319707	0.010982306284319707	0.03050640634533252	0.06284319707138498	0.07443563148261134	0.09517998779743746	0.10738255033557047	0.1415497254423429	0
T	0.1513117754728493	0.007321537522879805	0.018303843807199512	0.035387431360585725	0.05857230018303844	0.07565588773642465	0.12080536912751678	0.09945088468578402	0
V	0.01586333129957291	0.17754728492983526	0.048810250152532035	0.036607687614399025	0.07565588773642465	0.0896888346552776	0.10311165344722392	0.13300793166564978	0.0006101281269066504
W	0.007931665649786455	0	0.020744356314826115	0.004881025015253203	0.006101281269066504	0.0024405125076266015	0.0024405125076266015	0	0.004270896888346553
Y	0.06223306894447834	0.0024405125076266015	0.15314215985356924	0.013422818791946308	0.013422818791946308	0.010982306284319707	0.009151921903599756	0.01525320317266626	0.610738255033557
s	0	0	0	0	0	0	0	0	0
t	0	0	0	0	0	0	0	0	0
y	0	0	0	0	0	0	0	0	0
