#		8593
	1	2	3	4	5	6	7	8	9
A	0.13429535668567438	0.046316769463516816	0.09612475270569068	0.0680786686838124	0.06959152798789713	0.06330734318631444	0.07238449901082276	0.12731292912836029	0.005004073082741767
C	0.006982427557314093	0.002327475852438031	0.004305830327010357	0.0032584661934132435	0.005353194460607471	0.007797044105667404	0.006284184801582684	0.010939136506458745	0.00034912137786570463
D	0.0009309903409752124	0.0009309903409752124	0.009193529617130223	0.07401373210752939	0.03817060397998371	0.03374839986035145	0.020016292330967068	0.016874199930175724	0.00011637379262190155
E	0.011055510299080647	0.016292330967066216	0.009659024787617829	0.11136971953915978	0.07587571278947981	0.06621668800186198	0.09868497614337252	0.08914232514837658	0.00034912137786570463
F	0.035726754334923776	0.012917490981031073	0.06063074595601071	0.021645525427673687	0.03398114744559525	0.033515652275107645	0.01361573373676248	0.01652507855231002	0.2962876760153613
G	0.08460374723612242	0.01873618061212615	0.02397300128011172	0.07936692656813686	0.09112067962294891	0.10031420924007914	0.031071802630047714	0.05015710462003957	0.0002327475852438031
H	0.02536948679157454	0.001047364133597114	0.048411497730711045	0.019201675782613756	0.028860700570231584	0.03293378331199814	0.031188176422669616	0.022809263353892703	0.01198650064005586
I	0.07308274176655417	0.0835563831025253	0.10846037472361224	0.0377051088094961	0.06854416385430001	0.06633306179448388	0.06668218317234959	0.018270685441638543	0.004073082741766554
K	0.10357267543349238	0.0029093448155475387	0.16024671244035843	0.07378098452228558	0.042010939136506456	0.04457116257418829	0.04317467706272547	0.046898638426626324	0.0017456068893285232
L	0.0676131735133248	0.20737809845222857	0.027347841266146863	0.0674967997207029	0.09181892237868032	0.07878505760502735	0.08553473757709763	0.05725590596997556	0.13068776911439545
M	0.012451995810543466	0.049924357034795766	0.03398114744559525	0.011055510299080647	0.015477714418712906	0.01722332130804143	0.01861980681950425	0.011753753054812056	0.030606307459560108
N	0.010357267543349237	0.003840335156522751	0.060281624578145	0.036308623298033284	0.043291050855347374	0.03956708949144653	0.03805423018736181	0.028860700570231584	0.0005818689631095078
P	0.006051437216338881	0.004189456534388456	0.027580588851390666	0.12265797742348424	0.07401373210752939	0.035610380542301874	0.02408937507273362	0.019201675782613756	0.0009309903409752124
Q	0.04876061910857675	0.3473757709763761	0.055393925288025135	0.05911788665192599	0.053881065983940414	0.059699755615035495	0.08483649482136622	0.07273362038868847	0.0006982427557314093
R	0.11730478296287676	0.0032584661934132435	0.09589200512044688	0.039334341906202726	0.029093448155475387	0.04375654602583498	0.03316653089724194	0.0372396136390085	0.0002327475852438031
S	0.08914232514837658	0.03968346328406843	0.05341557081345281	0.06691493075759339	0.08390550448039101	0.09135342720819271	0.11893401605958338	0.14907482834865587	0.00034912137786570463
T	0.05364831839869661	0.02792971022925637	0.021994646805539392	0.042010939136506456	0.06563481903875247	0.08902595135575468	0.09903409752123822	0.10648202024903991	0.001280111718840917
V	0.07575933899685791	0.12254160363086233	0.04899336669382055	0.04666589084138252	0.06598394041661818	0.07703945071569883	0.10112882578843245	0.09926684510648202	0.007564296520423601
W	0.002792971022925637	0.0002327475852438031	0.002094728267194228	0.006284184801582684	0.006284184801582684	0.0024438496450599327	0.0022111020598161294	0.0011637379262190155	0.0029093448155475387
Y	0.04049807983242174	0.008611660654020714	0.052019085301989995	0.013732107529384382	0.017106947515419527	0.016757826137553822	0.01128825788432445	0.01803793785639474	0.5040148958454556
s	0	0	0	0	0	0	0	0	0
t	0	0	0	0	0	0	0	0	0
y	0	0	0	0	0	0	0	0	0
