#		110
	1	2	3	4	5	6	7	8	9
A	0	0.07272727272727272	0.045454545454545456	0.06363636363636363	0	0.01818181818181818	0.02727272727272727	0.23636363636363636	0.02727272727272727
C	0	0	0	0	0	0	0	0	0
D	0.7	0.01818181818181818	0	0.01818181818181818	0.01818181818181818	0.00909090909090909	0.00909090909090909	0.00909090909090909	0
E	0.11818181818181818	0.6636363636363637	0	0.24545454545454545	0.00909090909090909	0.01818181818181818	0.16363636363636364	0.05454545454545454	0
F	0.00909090909090909	0.045454545454545456	0.20909090909090908	0	0.13636363636363635	0.02727272727272727	0.01818181818181818	0.00909090909090909	0.2818181818181818
G	0	0.045454545454545456	0	0.01818181818181818	0.00909090909090909	0	0	0.00909090909090909	0
H	0.03636363636363636	0.00909090909090909	0.05454545454545454	0.00909090909090909	0.06363636363636363	0.00909090909090909	0.08181818181818182	0	0.05454545454545454
I	0.01818181818181818	0.00909090909090909	0.06363636363636363	0.08181818181818182	0.06363636363636363	0.09090909090909091	0.09090909090909091	0	0.02727272727272727
K	0	0	0.05454545454545454	0.07272727272727272	0.07272727272727272	0.13636363636363635	0.00909090909090909	0.03636363636363636	0.00909090909090909
L	0.00909090909090909	0.01818181818181818	0.16363636363636364	0.13636363636363635	0.09090909090909091	0.12727272727272726	0.06363636363636363	0.00909090909090909	0.32727272727272727
M	0	0.00909090909090909	0.00909090909090909	0	0	0.00909090909090909	0	0	0.02727272727272727
N	0.03636363636363636	0	0.06363636363636363	0.00909090909090909	0.12727272727272726	0.045454545454545456	0.03636363636363636	0.01818181818181818	0
P	0	0	0	0.08181818181818182	0	0.18181818181818182	0	0.00909090909090909	0
Q	0.01818181818181818	0.03636363636363636	0.02727272727272727	0.06363636363636363	0.09090909090909091	0.03636363636363636	0.07272727272727272	0.05454545454545454	0
R	0	0	0.045454545454545456	0.03636363636363636	0.1	0.06363636363636363	0.1	0.03636363636363636	0
S	0.03636363636363636	0.01818181818181818	0.00909090909090909	0	0.06363636363636363	0	0.045454545454545456	0.3090909090909091	0
T	0.00909090909090909	0.02727272727272727	0.00909090909090909	0.03636363636363636	0.02727272727272727	0.06363636363636363	0.05454545454545454	0.16363636363636364	0
V	0	0	0.06363636363636363	0.12727272727272726	0.05454545454545454	0.12727272727272726	0.17272727272727273	0.045454545454545456	0.06363636363636363
W	0	0	0.045454545454545456	0	0	0	0.00909090909090909	0	0
Y	0.00909090909090909	0.02727272727272727	0.13636363636363635	0	0.07272727272727272	0.03636363636363636	0.045454545454545456	0	0.18181818181818182
s	0	0	0	0	0	0	0	0	0
t	0	0	0	0	0	0	0	0	0
y	0	0	0	0	0	0	0	0	0
