#		1580
	1	2	3	4	5	6	7	8	9
A	0.11518987341772152	0.004430379746835443	0.05822784810126582	0.049367088607594936	0.056962025316455694	0.05126582278481013	0.05443037974683544	0.05569620253164557	0.012658227848101266
C	0	0	0	0.0006329113924050633	0	0	0	0	0
D	0.0012658227848101266	0	0.04430379746835443	0.08481012658227848	0.036075949367088606	0.024050632911392405	0.015822784810126583	0.016455696202531647	0
E	0.02531645569620253	0	0.015189873417721518	0.08860759493670886	0.0670886075949367	0.05379746835443038	0.0810126582278481	0.0689873417721519	0
F	0.02278481012658228	0	0.13227848101265824	0.03670886075949367	0.05126582278481013	0.05189873417721519	0.06772151898734177	0.012658227848101266	0.10379746835443038
G	0.1569620253164557	0.0006329113924050633	0.013924050632911392	0.09873417721518987	0.07278481012658228	0.046202531645569624	0.012658227848101266	0.08417721518987342	0.0012658227848101266
H	0.04683544303797468	0.0006329113924050633	0.07405063291139241	0.015189873417721518	0.0189873417721519	0.022151898734177215	0.05506329113924051	0.04240506329113924	0.0006329113924050633
I	0.05189873417721519	0	0.07215189873417721	0.027848101265822784	0.07341772151898734	0.11455696202531646	0.07911392405063292	0.00569620253164557	0.07468354430379746
K	0.1120253164556962	0.00569620253164557	0.035443037974683546	0.08227848101265822	0.06139240506329114	0.05379746835443038	0.016455696202531647	0.10632911392405063	0.002531645569620253
L	0.04113924050632911	0.008860759493670886	0.1449367088607595	0.0759493670886076	0.10443037974683544	0.1069620253164557	0.10886075949367088	0.06329113924050633	0.5886075949367089
M	0.012025316455696202	0.0012658227848101266	0.024050632911392405	0.010759493670886076	0.015822784810126583	0.013291139240506329	0.0189873417721519	0.007594936708860759	0.08417721518987342
N	0.01139240506329114	0	0.07911392405063292	0.04430379746835443	0.043670886075949364	0.03670886075949367	0.05063291139240506	0.10822784810126582	0
P	0	0	0.0018987341772151898	0.1291139240506329	0.05822784810126582	0.05759493670886076	0.08037974683544304	0.004430379746835443	0.0018987341772151898
Q	0.09177215189873418	0.04430379746835443	0.043037974683544304	0.0620253164556962	0.07341772151898734	0.08924050632911393	0.0620253164556962	0.09367088607594937	0
R	0.09367088607594937	0.9329113924050633	0.002531645569620253	0.012658227848101266	0.01708860759493671	0.043670886075949364	0.015189873417721518	0.07341772151898734	0.0006329113924050633
S	0.10443037974683544	0.0006329113924050633	0.056962025316455694	0.08417721518987342	0.05126582278481013	0.06962025316455696	0.05886075949367089	0.11329113924050632	0
T	0.03164556962025317	0	0.05506329113924051	0.035443037974683546	0.0689873417721519	0.05949367088607595	0.07215189873417721	0.09936708860759494	0.004430379746835443
V	0.039873417721518985	0	0.05886075949367089	0.03164556962025317	0.08734177215189873	0.08164556962025317	0.09177215189873418	0.024050632911392405	0.12025316455696203
W	0.0037974683544303796	0	0.02088607594936709	0.008860759493670886	0.006962025316455696	0.0012658227848101266	0.008227848101265823	0	0
Y	0.0379746835443038	0.0006329113924050633	0.0670886075949367	0.02088607594936709	0.03481012658227848	0.02278481012658228	0.05063291139240506	0.020253164556962026	0.004430379746835443
s	0	0	0	0	0	0	0	0	0
t	0	0	0	0	0	0	0	0	0
y	0	0	0	0	0	0	0	0	0
