#		127
	1	2	3	4	5	6	7	8	9
A	0.015748031496062992	0.4015748031496063	0.14960629921259844	0.07874015748031496	0	0.07086614173228346	0.007874015748031496	0.047244094488188976	0
C	0	0	0	0	0	0	0	0	0
D	0.031496062992125984	0.015748031496062992	0.11811023622047244	0.11811023622047244	0.47244094488188976	0.10236220472440945	0.015748031496062992	0.007874015748031496	0
E	0.11023622047244094	0	0.08661417322834646	0.2125984251968504	0.2125984251968504	0.09448818897637795	0.2047244094488189	0.13385826771653545	0
F	0.15748031496062992	0	0.06299212598425197	0	0.007874015748031496	0.031496062992125984	0	0.007874015748031496	0.3700787401574803
G	0	0.05511811023622047	0	0.031496062992125984	0.047244094488188976	0.015748031496062992	0.023622047244094488	0.05511811023622047	0
H	0.1968503937007874	0	0.07086614173228346	0.007874015748031496	0.03937007874015748	0.07086614173228346	0.14173228346456693	0.03937007874015748	0
I	0.023622047244094488	0.015748031496062992	0.08661417322834646	0.031496062992125984	0.05511811023622047	0.13385826771653545	0.06299212598425197	0.007874015748031496	0.015748031496062992
K	0.023622047244094488	0	0.007874015748031496	0.023622047244094488	0.031496062992125984	0.11023622047244094	0.023622047244094488	0.031496062992125984	0
L	0.06299212598425197	0.007874015748031496	0.09448818897637795	0.06299212598425197	0.007874015748031496	0.11023622047244094	0.06299212598425197	0.015748031496062992	0.07086614173228346
M	0.03937007874015748	0	0.05511811023622047	0	0.007874015748031496	0.03937007874015748	0	0.015748031496062992	0.07086614173228346
N	0.031496062992125984	0	0.03937007874015748	0.031496062992125984	0.023622047244094488	0.015748031496062992	0.10236220472440945	0.031496062992125984	0
P	0	0.4330708661417323	0.007874015748031496	0.07086614173228346	0.015748031496062992	0.023622047244094488	0	0.031496062992125984	0
Q	0.09448818897637795	0	0.015748031496062992	0.047244094488188976	0.007874015748031496	0.03937007874015748	0.05511811023622047	0.06299212598425197	0
R	0	0	0.007874015748031496	0.12598425196850394	0.007874015748031496	0.06299212598425197	0.023622047244094488	0.023622047244094488	0
S	0.031496062992125984	0	0	0.023622047244094488	0.015748031496062992	0.007874015748031496	0.07086614173228346	0.12598425196850394	0
T	0.11811023622047244	0	0.023622047244094488	0.023622047244094488	0.023622047244094488	0	0.07086614173228346	0.23622047244094488	0
V	0.015748031496062992	0.07086614173228346	0.11023622047244094	0.08661417322834646	0	0.03937007874015748	0.10236220472440945	0.11023622047244094	0.007874015748031496
W	0	0	0	0	0	0	0.007874015748031496	0	0
Y	0.047244094488188976	0	0.06299212598425197	0.023622047244094488	0.023622047244094488	0.031496062992125984	0.023622047244094488	0.015748031496062992	0.4645669291338583
s	0	0	0	0	0	0	0	0	0
t	0	0	0	0	0	0	0	0	0
y	0	0	0	0	0	0	0	0	0
