#		456
	1	2	3	4	5	6	7	8	9
A	0.06578947368421052	0.0043859649122807015	0.07894736842105263	0.06359649122807018	0.07675438596491228	0.05701754385964912	0.05921052631578947	0.17763157894736842	0.03508771929824561
C	0	0	0	0	0	0	0	0	0
D	0.08552631578947369	0.0021929824561403508	0.02412280701754386	0.06140350877192982	0.013157894736842105	0.015350877192982455	0.013157894736842105	0.0043859649122807015	0
E	0.1600877192982456	0.006578947368421052	0.006578947368421052	0.09429824561403509	0.021929824561403508	0.043859649122807015	0.07017543859649122	0.12280701754385964	0
F	0.017543859649122806	0	0.08771929824561403	0.013157894736842105	0.02850877192982456	0.021929824561403508	0.015350877192982455	0.0021929824561403508	0.039473684210526314
G	0.015350877192982455	0.008771929824561403	0.017543859649122806	0.07236842105263158	0.05043859649122807	0.046052631578947366	0.006578947368421052	0.03070175438596491	0
H	0.06359649122807018	0.4100877192982456	0.07456140350877193	0.010964912280701754	0.015350877192982455	0.07017543859649122	0.046052631578947366	0.017543859649122806	0.0021929824561403508
I	0.03508771929824561	0.006578947368421052	0.041666666666666664	0.04824561403508772	0.07236842105263158	0.1118421052631579	0.05701754385964912	0.019736842105263157	0.017543859649122806
K	0.0021929824561403508	0	0.10307017543859649	0.08552631578947369	0.07236842105263158	0.05263157894736842	0.019736842105263157	0.02850877192982456	0.0021929824561403508
L	0.015350877192982455	0	0.09429824561403509	0.07017543859649122	0.08333333333333333	0.04824561403508772	0.06140350877192982	0.017543859649122806	0.7280701754385965
M	0.010964912280701754	0	0.017543859649122806	0.02631578947368421	0.010964912280701754	0.008771929824561403	0.008771929824561403	0.015350877192982455	0.08114035087719298
N	0.1162280701754386	0.0021929824561403508	0.06140350877192982	0.03508771929824561	0.05263157894736842	0.039473684210526314	0.06359649122807018	0.010964912280701754	0
P	0	0	0.11403508771929824	0.15789473684210525	0.05701754385964912	0.08771929824561403	0.10526315789473684	0.0043859649122807015	0.0021929824561403508
Q	0.09210526315789473	0.041666666666666664	0.039473684210526314	0.06578947368421052	0.08114035087719298	0.06578947368421052	0.13815789473684212	0.06578947368421052	0
R	0.0043859649122807015	0.5175438596491229	0.03508771929824561	0.03070175438596491	0.09210526315789473	0.07236842105263158	0.046052631578947366	0.008771929824561403	0
S	0.08991228070175439	0	0.06798245614035088	0.07675438596491228	0.05043859649122807	0.07236842105263158	0.08114035087719298	0.2412280701754386	0
T	0.14473684210526316	0	0.02631578947368421	0.041666666666666664	0.08114035087719298	0.05043859649122807	0.07017543859649122	0.12938596491228072	0.006578947368421052
V	0.03728070175438596	0	0.039473684210526314	0.039473684210526314	0.09429824561403509	0.10087719298245613	0.09210526315789473	0.09868421052631579	0.08114035087719298
W	0.0021929824561403508	0	0.019736842105263157	0	0	0.006578947368421052	0.010964912280701754	0	0.0021929824561403508
Y	0.041666666666666664	0	0.05043859649122807	0.006578947368421052	0.046052631578947366	0.02850877192982456	0.03508771929824561	0.0043859649122807015	0.0021929824561403508
s	0	0	0	0	0	0	0	0	0
t	0	0	0	0	0	0	0	0	0
y	0	0	0	0	0	0	0	0	0
