#		1860
	1	2	3	4	5	6	7	8	9
A	0.22849462365591397	0.004301075268817204	0.1338709677419355	0.06344086021505377	0.07903225806451612	0.07795698924731183	0.06182795698924731	0.06505376344086021	0.00913978494623656
C	0.001075268817204301	0	0.020967741935483872	0.0005376344086021505	0.0032258064516129032	0.0064516129032258064	0.01129032258064516	0.002688172043010753	0
D	0.0032258064516129032	0.008064516129032258	0.07043010752688172	0.07688172043010753	0.027419354838709678	0.035483870967741936	0.02956989247311828	0.016666666666666666	0
E	0.16344086021505377	0.9758064516129032	0.021505376344086023	0.08440860215053764	0.04946236559139785	0.02849462365591398	0.08924731182795699	0.06612903225806452	0.0005376344086021505
F	0.0016129032258064516	0	0.08118279569892473	0.025268817204301075	0.017741935483870968	0.00967741935483871	0.047311827956989246	0.015591397849462365	0.2801075268817204
G	0.06881720430107527	0.0032258064516129032	0.0553763440860215	0.139247311827957	0.08225806451612903	0.060215053763440864	0.015591397849462365	0.09516129032258064	0
H	0.016129032258064516	0	0.03978494623655914	0.013440860215053764	0.034408602150537634	0.03225806451612903	0.06827956989247312	0.037096774193548385	0.0005376344086021505
I	0.00967741935483871	0.0005376344086021505	0.1032258064516129	0.043010752688172046	0.05	0.054838709677419356	0.07258064516129033	0.012903225806451613	0.07795698924731183
K	0.05806451612903226	0.0016129032258064516	0.006989247311827957	0.0521505376344086	0.10053763440860215	0.11021505376344086	0.04946236559139785	0.08172043010752689	0.002688172043010753
L	0.0064516129032258064	0	0.07580645161290323	0.0913978494623656	0.0543010752688172	0.06720430107526881	0.10752688172043011	0.08548387096774193	0.1586021505376344
M	0.005913978494623656	0.002150537634408602	0.020967741935483872	0.016666666666666666	0.01021505376344086	0.005913978494623656	0.016129032258064516	0.004838709677419355	0.02849462365591398
N	0.031720430107526884	0.0005376344086021505	0.07849462365591398	0.034408602150537634	0.023655913978494623	0.03870967741935484	0.030107526881720432	0.03494623655913978	0.001075268817204301
P	0	0	0.010752688172043012	0.12526881720430108	0.08118279569892473	0.08225806451612903	0.08440860215053764	0.011827956989247311	0.0016129032258064516
Q	0.08763440860215053	0.0016129032258064516	0.025806451612903226	0.03494623655913978	0.05913978494623656	0.026344086021505377	0.0489247311827957	0.057526881720430106	0
R	0.06129032258064516	0.001075268817204301	0.004838709677419355	0.032795698924731186	0.06344086021505377	0.08333333333333333	0.051075268817204304	0.08118279569892473	0.001075268817204301
S	0.17311827956989248	0.001075268817204301	0.06827956989247312	0.057526881720430106	0.0978494623655914	0.07365591397849462	0.0478494623655914	0.15268817204301074	0.0016129032258064516
T	0.0543010752688172	0	0.043010752688172046	0.032795698924731186	0.09193548387096774	0.08387096774193549	0.037096774193548385	0.10591397849462365	0.0016129032258064516
V	0.02043010752688172	0	0.08817204301075268	0.06505376344086021	0.06774193548387097	0.10483870967741936	0.08709677419354839	0.05913978494623656	0.004838709677419355
W	0.0016129032258064516	0	0.01881720430107527	0.001075268817204301	0	0.0064516129032258064	0.008064516129032258	0	0.17795698924731182
Y	0.006989247311827957	0	0.031720430107526884	0.00967741935483871	0.0064516129032258064	0.011827956989247311	0.03655913978494624	0.013440860215053764	0.2521505376344086
s	0	0	0	0	0	0	0	0	0
t	0	0	0	0	0	0	0	0	0
y	0	0	0	0	0	0	0	0	0
