#		2885
	1	2	3	4	5	6	7	8	9
A	0.1805892547660312	0.0003466204506065858	0.10433275563258232	0.05684575389948007	0.056152512998266894	0.0755632582322357	0.05927209705372617	0.05268630849220104	0.018370883882149046
C	0.0003466204506065858	0	0.013518197573656845	0.005199306759098787	0.007972270363951473	0.006932409012131715	0.01871750433275563	0.011785095320623917	0.0006932409012131716
D	0	0.0006932409012131716	0.06239168110918544	0.0807625649913345	0.040901213171577126	0.009705372616984401	0.019064124783362217	0.007972270363951473	0
E	0.01386481802426343	0.9927209705372617	0.04540727902946274	0.13968804159445408	0.05788561525129983	0.032582322357019064	0.06169844020797227	0.08388214904679377	0.0003466204506065858
F	0.030155979202772965	0	0.06655112651646447	0.03223570190641248	0.05649913344887349	0.08180242634315425	0.01733102253032929	0.019410745233968803	0.005545927209705373
G	0.10051993067590988	0.0003466204506065858	0.035701906412478335	0.07487001733102253	0.08388214904679377	0.05268630849220104	0.015944540727902946	0.029116117850953208	0.0006932409012131716
H	0.040901213171577126	0.0003466204506065858	0.04194107452339688	0.02218370883882149	0.04367417677642981	0.02391681109185442	0.03847487001733102	0.03535528596187175	0.0010398613518197574
I	0.03847487001733102	0.0003466204506065858	0.10849220103986135	0.05025996533795494	0.035701906412478335	0.0856152512998267	0.0658578856152513	0.02218370883882149	0.3826689774696707
K	0.09948006932409012	0.0003466204506065858	0.048873483535528596	0.05545927209705372	0.10086655112651646	0.05511265164644714	0.05649913344887349	0.15008665511265165	0.0003466204506065858
L	0.07209705372616984	0.0010398613518197574	0.07244367417677643	0.07694974003466204	0.06655112651646447	0.11265164644714037	0.11646447140381283	0.08284228769497401	0.13032928942807626
M	0.016637781629116118	0	0.02149046793760832	0.008665511265164644	0.009705372616984401	0.025303292894280762	0.011785095320623917	0.012824956672443674	0.01802426343154246
N	0.009358752166377816	0	0.04991334488734835	0.03466204506065858	0.04783362218370884	0.028076256499133447	0.04679376083188908	0.035701906412478335	0.0010398613518197574
P	0.0010398613518197574	0.0006932409012131716	0.01074523396880416	0.10883882149046793	0.09012131715771231	0.06377816291161179	0.07036395147313691	0.0020797227036395147	0.0017331022530329288
Q	0.05164644714038128	0.0010398613518197574	0.03292894280762565	0.05095320623916811	0.046447140381282497	0.06308492201039861	0.061351819757365686	0.06447140381282496	0.0006932409012131716
R	0.08457538994800694	0.0003466204506065858	0.025303292894280762	0.029462738301559793	0.07175043327556326	0.03916811091854419	0.09428076256499134	0.09150779896013865	0.0003466204506065858
S	0.10502599653379549	0.0006932409012131716	0.05025996533795494	0.05649913344887349	0.06551126516464471	0.05407279029462738	0.0610051993067591	0.08353552859618718	0.0003466204506065858
T	0.0682842287694974	0.0006932409012131716	0.05025996533795494	0.04367417677642981	0.04852686308492201	0.058232235701906415	0.07590987868284228	0.11265164644714037	0.008318890814558059
V	0.046447140381282497	0.0003466204506065858	0.08769497400346621	0.053032928942807624	0.04228769497400347	0.10259965337954939	0.09081455805892548	0.07417677642980935	0.42876949740034664
W	0.004159445407279029	0	0.009358752166377816	0.0038128249566724438	0.007972270363951473	0.011438474870017331	0.004159445407279029	0.0024263431542461003	0
Y	0.036395147313691506	0	0.06239168110918544	0.015944540727902946	0.01975736568457539	0.017677642980935875	0.014211438474870018	0.025303292894280762	0.0006932409012131716
s	0	0	0	0	0	0	0	0	0
t	0	0	0	0	0	0	0	0	0
y	0	0	0	0	0	0	0	0	0
