#		1165
	1	2	3	4	5	6	7	8	9
A	0.19399141630901287	0.0034334763948497852	0.12103004291845494	0.06437768240343347	0.05665236051502146	0.048068669527897	0.06781115879828326	0.151931330472103	0.582832618025751
C	0	0.0008583690987124463	0.006008583690987125	0.005150214592274678	0.0017167381974248926	0.0017167381974248926	0.0068669527896995704	0.004291845493562232	0.034334763948497854
D	0.0008583690987124463	0.00944206008583691	0.02575107296137339	0.08669527896995709	0.04034334763948498	0.005150214592274678	0.013733905579399141	0.012875536480686695	0
E	0.01630901287553648	0.9613733905579399	0.0068669527896995704	0.14763948497854076	0.04206008583690987	0.0240343347639485	0.04377682403433476	0.09871244635193133	0.0017167381974248926
F	0.03776824034334764	0	0.11158798283261803	0.04206008583690987	0.1167381974248927	0.16051502145922747	0.00944206008583691	0.006008583690987125	0.0008583690987124463
G	0.07639484978540773	0.0008583690987124463	0.015450643776824034	0.04978540772532189	0.09012875536480687	0.03175965665236052	0.02575107296137339	0.034334763948497854	0.0034334763948497852
H	0.02317596566523605	0	0.05321888412017167	0.012875536480686695	0.03690987124463519	0.0240343347639485	0.0240343347639485	0.014592274678111588	0
I	0.036051502145922745	0	0.1407725321888412	0.048068669527897	0.029184549356223177	0.06266094420600858	0.07896995708154507	0.0351931330472103	0.0240343347639485
K	0.09098712446351931	0.0017167381974248926	0.061802575107296136	0.04206008583690987	0.08240343347639485	0.039484978540772535	0.048068669527897	0.05751072961373391	0
L	0.07896995708154507	0.0017167381974248926	0.08497854077253218	0.09098712446351931	0.05836909871244635	0.15278969957081545	0.19399141630901287	0.07553648068669527	0.0240343347639485
M	0.014592274678111588	0	0.01630901287553648	0.007725321888412017	0.0068669527896995704	0.01630901287553648	0.01201716738197425	0.008583690987124463	0.0017167381974248926
N	0.004291845493562232	0	0.019742489270386267	0.03347639484978541	0.04206008583690987	0.02145922746781116	0.030901287553648068	0.015450643776824034	0.0017167381974248926
P	0.0008583690987124463	0.005150214592274678	0.002575107296137339	0.1278969957081545	0.11416309012875536	0.08497854077253218	0.10815450643776824	0.05236051502145923	0.19141630901287554
Q	0.06952789699570816	0.011158798283261802	0.01888412017167382	0.04377682403433476	0.03175965665236052	0.04721030042918455	0.04206008583690987	0.05751072961373391	0.0008583690987124463
R	0.11416309012875536	0	0.05836909871244635	0.04377682403433476	0.07381974248927038	0.0592274678111588	0.07381974248927038	0.034334763948497854	0.0017167381974248926
S	0.07811158798283262	0.0034334763948497852	0.0351931330472103	0.05236051502145923	0.05321888412017167	0.048927038626609444	0.05407725321888412	0.11072961373390558	0.015450643776824034
T	0.05665236051502146	0	0.0351931330472103	0.030901287553648068	0.05150214592274678	0.06094420600858369	0.06866952789699571	0.096137339055794	0.014592274678111588
V	0.0463519313304721	0.0008583690987124463	0.08841201716738198	0.03862660944206009	0.04206008583690987	0.06695278969957082	0.0815450643776824	0.13047210300429185	0.09356223175965665
W	0.010300429184549357	0	0.008583690987124463	0.012875536480686695	0.012875536480686695	0.030042918454935622	0.005150214592274678	0	0.007725321888412017
Y	0.050643776824034335	0	0.08927038626609442	0.01888412017167382	0.017167381974248927	0.013733905579399141	0.011158798283261802	0.0034334763948497852	0
s	0	0	0	0	0	0	0	0	0
t	0	0	0	0	0	0	0	0	0
y	0	0	0	0	0	0	0	0	0
