#		834
	1	2	3	4	5	6	7	8	9
A	0.10671462829736211	0.022781774580335732	0.10671462829736211	0.07074340527577938	0.06594724220623502	0.0683453237410072	0.06474820143884892	0.19424460431654678	0.645083932853717
C	0.001199040767386091	0	0.009592326139088728	0.007194244604316547	0.005995203836930456	0.002398081534772182	0.005995203836930456	0.014388489208633094	0.001199040767386091
D	0.001199040767386091	0	0.002398081534772182	0.05875299760191847	0.016786570743405275	0.013189448441247002	0.017985611510791366	0.011990407673860911	0
E	0	0	0.005995203836930456	0.07793764988009592	0.02158273381294964	0.015587529976019185	0.047961630695443645	0.09352517985611511	0
F	0.014388489208633094	0	0.08992805755395683	0.03717026378896882	0.03836930455635491	0.06954436450839328	0.025179856115107913	0.007194244604316547	0.001199040767386091
G	0.008393285371702638	0.001199040767386091	0.03117505995203837	0.0683453237410072	0.08393285371702638	0.09832134292565947	0.005995203836930456	0.04196642685851319	0.005995203836930456
H	0.039568345323741004	0	0.07074340527577938	0.03836930455635491	0.026378896882494004	0.026378896882494004	0.046762589928057555	0.03237410071942446	0
I	0.06354916067146282	0.007194244604316547	0.039568345323741004	0.017985611510791366	0.07434052757793765	0.11750599520383694	0.09352517985611511	0.017985611510791366	0.017985611510791366
K	0.08752997601918465	0	0.0539568345323741	0.0539568345323741	0.04316546762589928	0.03836930455635491	0.03597122302158273	0.0407673860911271	0
L	0.08872901678657075	0.001199040767386091	0.08752997601918465	0.09352517985611511	0.06954436450839328	0.1342925659472422	0.10191846522781775	0.026378896882494004	0.013189448441247002
M	0.04436450839328537	0	0.03237410071942446	0.007194244604316547	0.005995203836930456	0.019184652278177457	0.013189448441247002	0.019184652278177457	0.001199040767386091
N	0.023980815347721823	0.001199040767386091	0.046762589928057555	0.03237410071942446	0.049160671462829736	0.019184652278177457	0.03597122302158273	0.015587529976019185	0.001199040767386091
P	0	0.9328537170263789	0.017985611510791366	0.17865707434052758	0.18944844124700239	0.09232613908872901	0.1211031175059952	0.047961630695443645	0.026378896882494004
Q	0.047961630695443645	0	0.045563549160671464	0.03477218225419664	0.05635491606714628	0.03117505995203837	0.039568345323741004	0.046762589928057555	0.002398081534772182
R	0.145083932853717	0	0.07434052757793765	0.03717026378896882	0.022781774580335732	0.019184652278177457	0.04196642685851319	0.04316546762589928	0.0035971223021582736
S	0.14028776978417265	0.0035971223021582736	0.0671462829736211	0.07793764988009592	0.05275779376498801	0.05275779376498801	0.0407673860911271	0.1618705035971223	0.013189448441247002
T	0.07793764988009592	0.002398081534772182	0.05275779376498801	0.049160671462829736	0.045563549160671464	0.05275779376498801	0.0683453237410072	0.10191846522781775	0.03117505995203837
V	0.08752997601918465	0.027577937649880094	0.06954436450839328	0.027577937649880094	0.11270983213429256	0.09112709832134293	0.1630695443645084	0.07553956834532374	0.23501199040767387
W	0	0	0.016786570743405275	0.007194244604316547	0.004796163069544364	0.007194244604316547	0.013189448441247002	0	0
Y	0.02158273381294964	0	0.07913669064748201	0.023980815347721823	0.014388489208633094	0.03117505995203837	0.016786570743405275	0.007194244604316547	0.001199040767386091
s	0	0	0	0	0	0	0	0	0
t	0	0	0	0	0	0	0	0	0
y	0	0	0	0	0	0	0	0	0
