#		3025
	1	2	3	4	5	6	7	8	9
A	0.05586776859504132	0.15537190082644628	0.09256198347107437	0.04231404958677686	0.0456198347107438	0.05619834710743802	0.06776859504132231	0.037355371900826446	0.00033057851239669424
C	0.0023140495867768596	0.001652892561983471	0.020165289256198347	0.001322314049586777	0.008264462809917356	0.006611570247933884	0.005289256198347108	0.00628099173553719	0.00033057851239669424
D	0.001322314049586777	0.0036363636363636364	0.027768595041322314	0.0687603305785124	0.049917355371900826	0.02975206611570248	0.026115702479338844	0.010247933884297521	0.001322314049586777
E	0.007933884297520661	0.0036363636363636364	0.015537190082644628	0.09818181818181818	0.07404958677685951	0.060165289256198344	0.0968595041322314	0.07338842975206611	0.001322314049586777
F	0.018512396694214877	0.0023140495867768596	0.07173553719008265	0.013553719008264463	0.0575206611570248	0.03966942148760331	0.053553719008264465	0.0343801652892562	0.42016528925619834
G	0.03371900826446281	0.019504132231404958	0.03371900826446281	0.047603305785123964	0.049586776859504134	0.035371900826446284	0.00859504132231405	0.0228099173553719	0.0009917355371900827
H	0.04033057851239669	0.0006611570247933885	0.03239669421487603	0.024793388429752067	0.02512396694214876	0.040661157024793386	0.06512396694214877	0.042644628099173555	0.00033057851239669424
I	0.10181818181818182	0.02115702479338843	0.07768595041322314	0.040661157024793386	0.10710743801652893	0.07603305785123966	0.06578512396694215	0.021487603305785124	0.08859504132231405
K	0.2515702479338843	0.005289256198347108	0.05421487603305785	0.12330578512396695	0.04925619834710744	0.062479338842975206	0.01884297520661157	0.09322314049586777	0.0006611570247933885
L	0.08991735537190082	0.017520661157024792	0.15338842975206612	0.04859504132231405	0.15272727272727274	0.11768595041322313	0.06909090909090909	0.1150413223140496	0.2231404958677686
M	0.019173553719008266	0.003305785123966942	0.03074380165289256	0.01090909090909091	0.01785123966942149	0.01652892561983471	0.013884297520661157	0.01487603305785124	0.023801652892561982
N	0.0049586776859504135	0.0036363636363636364	0.035371900826446284	0.03404958677685951	0.04396694214876033	0.05487603305785124	0.049917355371900826	0.04925619834710744	0
P	0.0029752066115702478	0.0023140495867768596	0.03371900826446281	0.13388429752066117	0.03570247933884298	0.055206611570247935	0.08892561983471074	0.0019834710743801653	0
Q	0.03371900826446281	0.004628099173553719	0.029421487603305783	0.05619834710743802	0.04	0.08099173553719008	0.0631404958677686	0.07107438016528926	0.00033057851239669424
R	0.14082644628099172	0.0006611570247933885	0.04033057851239669	0.08	0.016859504132231404	0.03834710743801653	0.013223140495867768	0.07504132231404959	0.00033057851239669424
S	0.047933884297520664	0.34545454545454546	0.06347107438016529	0.055206611570247935	0.04231404958677686	0.059173553719008266	0.0575206611570248	0.08694214876033057	0.0019834710743801653
T	0.04330578512396694	0.31471074380165287	0.03834710743801653	0.056859504132231405	0.04892561983471074	0.05884297520661157	0.06644628099173554	0.14677685950413222	0.0009917355371900827
V	0.0803305785123967	0.09322314049586777	0.07603305785123966	0.05057851239669422	0.10512396694214876	0.08264462809917356	0.10578512396694215	0.06214876033057851	0.005289256198347108
W	0.0006611570247933885	0	0.020826446280991735	0.002644628099173554	0.007933884297520661	0.008264462809917356	0.019173553719008266	0.0009917355371900827	0.1996694214876033
Y	0.0228099173553719	0.001322314049586777	0.05256198347107438	0.010578512396694216	0.022148760330578512	0.020495867768595043	0.04495867768595041	0.03404958677685951	0.030413223140495868
s	0	0	0	0	0	0	0	0	0
t	0	0	0	0	0	0	0	0	0
y	0	0	0	0	0	0	0	0	0
