#		569
	1	2	3	4	5	6	7	8	9
A	0.008787346221441126	0	0.070298769771529	0.061511423550087874	0.06854130052724078	0.0492091388400703	0.06854130052724078	0.0913884007029877	0.2056239015817223
C	0	0	0.005272407732864675	0	0.0017574692442882249	0	0.0035149384885764497	0	0
D	0.07381370826010544	0	0.028119507908611598	0.04745166959578207	0.050966608084358524	0.056239015817223195	0.014059753954305799	0.0492091388400703	0
E	0.02460456942003515	0.0017574692442882249	0.005272407732864675	0.050966608084358524	0.11599297012302284	0.08611599297012303	0.070298769771529	0.1282952548330404	0
F	0.0035149384885764497	0	0.11072056239015818	0.028119507908611598	0.040421792618629174	0.0210896309314587	0.050966608084358524	0.005272407732864675	0
G	0.0210896309314587	0	0.005272407732864675	0.056239015817223195	0.06678383128295255	0.050966608084358524	0.014059753954305799	0.040421792618629174	0.0017574692442882249
H	0.054481546572934976	0	0.06678383128295255	0.026362038664323375	0.022847100175746926	0.029876977152899824	0.0632688927943761	0.01757469244288225	0
I	0.03690685413005272	0.0017574692442882249	0.061511423550087874	0.040421792618629174	0.0351493848857645	0.05272407732864675	0.056239015817223195	0.0492091388400703	0.019332161687170474
K	0.019332161687170474	0.0035149384885764497	0.0351493848857645	0.11072056239015818	0.0421792618629174	0.05975395430579965	0.043936731107205626	0.04569420035149385	0.005272407732864675
L	0.012302284710017574	0.0017574692442882249	0.15817223198594024	0.0632688927943761	0.056239015817223195	0.05799648506151142	0.13005272407732865	0.05799648506151142	0.061511423550087874
M	0.015817223198594025	0	0.022847100175746926	0.012302284710017574	0.007029876977152899	0.008787346221441126	0.014059753954305799	0.0017574692442882249	0.0017574692442882249
N	0.37082601054481545	0.0035149384885764497	0.0843585237258348	0.0492091388400703	0.033391915641476276	0.06502636203866433	0.03866432337434095	0.026362038664323375	0.0035149384885764497
P	0	0.0017574692442882249	0	0.11599297012302284	0.050966608084358524	0.05272407732864675	0.07908611599297012	0.07205623901581722	0.6221441124780316
Q	0.05799648506151142	0.0017574692442882249	0.04569420035149385	0.07908611599297012	0.08611599297012303	0.08260105448154657	0.07908611599297012	0.029876977152899824	0
R	0.05272407732864675	0.9771528998242531	0.0210896309314587	0.0632688927943761	0.026362038664323375	0.056239015817223195	0.0351493848857645	0.03163444639718805	0.0017574692442882249
S	0.09666080843585237	0.0035149384885764497	0.06502636203866433	0.08963093145869948	0.050966608084358524	0.08787346221441125	0.050966608084358524	0.13708260105448156	0.0017574692442882249
T	0.061511423550087874	0	0.04569420035149385	0.03690685413005272	0.06678383128295255	0.08084358523725835	0.04569420035149385	0.11072056239015818	0.0035149384885764497
V	0.06678383128295255	0	0.09490333919156414	0.0210896309314587	0.11775043936731107	0.07381370826010544	0.08260105448154657	0.08963093145869948	0.0632688927943761
W	0.0017574692442882249	0.0035149384885764497	0.019332161687170474	0.012302284710017574	0.014059753954305799	0.005272407732864675	0.005272407732864675	0.0017574692442882249	0.0035149384885764497
Y	0.0210896309314587	0	0.054481546572934976	0.0351493848857645	0.04569420035149385	0.022847100175746926	0.054481546572934976	0.014059753954305799	0.005272407732864675
s	0	0	0	0	0	0	0	0	0
t	0	0	0	0	0	0	0	0	0
y	0	0	0	0	0	0	0	0	0
